state : 0
eta : 1
pi2 : [[[0.03159095 0.5259648  0.10018621 0.04278106]
  [0.04158046 0.06889843 0.15076511 0.03823299]]

 [[0.06899271 0.26311852 0.11990614 0.07414433]
  [0.09105847 0.1609752  0.14180725 0.07999738]]]
state : 0
eta : 5
pi2 : [[[0.03159095 0.5259648  0.10018621 0.04278106]
  [0.04158046 0.06889843 0.15076511 0.03823299]]

 [[0.06899271 0.26311852 0.11990614 0.07414433]
  [0.09105847 0.1609752  0.14180725 0.07999738]]]
state : 1
eta : 1
pi2 : [[[0.0389946  0.21094121 0.08581854 0.07304884]
  [0.0404758  0.34551941 0.15964112 0.04556048]]

 [[0.05776445 0.44567076 0.08472065 0.06701212]
  [0.06591756 0.11348571 0.09276852 0.07266022]]]
state : 1
eta : 5
pi2 : [[[0.0389946  0.21094121 0.08581854 0.07304884]
  [0.0404758  0.34551941 0.15964112 0.04556048]]

 [[0.05776445 0.44567076 0.08472065 0.06701212]
  [0.06591756 0.11348571 0.09276852 0.07266022]]]
state : 2
eta : 1
pi2 : [[[0.04086261 0.15082728 0.26253645 0.0558072 ]
  [0.02903082 0.14172007 0.2685606  0.05065497]]

 [[0.03354096 0.12256429 0.07139887 0.05124486]
  [0.06141182 0.0640061  0.53972605 0.05610705]]]
state : 2
eta : 5
pi2 : [[[0.04086261 0.15082728 0.26253645 0.0558072 ]
  [0.02903082 0.14172007 0.2685606  0.05065497]]

 [[0.03354096 0.12256429 0.07139887 0.05124486]
  [0.06141182 0.0640061  0.53972605 0.05610705]]]
state : 3
eta : 1
pi2 : [[[0.04784276 0.05678509 0.40982597 0.09076584]
  [0.04384138 0.03340786 0.24008897 0.07744213]]

 [[0.05690506 0.06201334 0.47156193 0.06817575]
  [0.07298694 0.04921099 0.15480138 0.06434461]]]
state : 3
eta : 5
pi2 : [[[0.04784276 0.05678509 0.40982597 0.09076584]
  [0.04384138 0.03340786 0.24008897 0.07744213]]

 [[0.05690506 0.06201334 0.47156193 0.06817575]
  [0.07298694 0.04921099 0.15480138 0.06434461]]]
state : 4
eta : 1
pi2 : [[[0.07572477 0.16179678 0.08078418 0.03748553]
  [0.14679409 0.39154802 0.05893182 0.0469348 ]]

 [[0.0076432  0.11846361 0.00631619 0.00547359]
  [0.00550875 0.84453946 0.00594404 0.00611115]]]
state : 4
eta : 5
pi2 : [[[0.07572477 0.16179678 0.08078418 0.03748553]
  [0.14679409 0.39154802 0.05893182 0.0469348 ]]

 [[0.0076432  0.11846361 0.00631619 0.00547359]
  [0.00550875 0.84453946 0.00594404 0.00611115]]]
state : 5
eta : 1
pi2 : [[[0.03620699 0.69546629 0.01909147 0.01579772]
  [0.03166554 0.16832713 0.01372422 0.01972065]]

 [[0.00428273 0.9523239  0.00314617 0.00434664]
  [0.00436078 0.02619411 0.002289   0.00305667]]]
state : 5
eta : 5
pi2 : [[[0.03620699 0.69546629 0.01909147 0.01579772]
  [0.03166554 0.16832713 0.01372422 0.01972065]]

 [[0.00428273 0.9523239  0.00314617 0.00434664]
  [0.00436078 0.02619411 0.002289   0.00305667]]]
state : 6
eta : 1
pi2 : [[[0.0066039  0.95727277 0.00441477 0.00542487]
  [0.0046716  0.01106413 0.00566368 0.00488428]]

 [[0.0207084  0.14370922 0.01330287 0.01447696]
  [0.02097744 0.74445595 0.02722058 0.01514858]]]
state : 6
eta : 5
pi2 : [[[0.0066039  0.95727277 0.00441477 0.00542487]
  [0.0046716  0.01106413 0.00566368 0.00488428]]

 [[0.0207084  0.14370922 0.01330287 0.01447696]
  [0.02097744 0.74445595 0.02722058 0.01514858]]]
state : 7
eta : 1
pi2 : [[[0.00176768 0.00146396 0.97894735 0.00171765]
  [0.00234812 0.00145321 0.01020053 0.00210151]]

 [[0.0201411  0.02456173 0.2959528  0.02172711]
  [0.01723015 0.02298488 0.57744721 0.01995503]]]
state : 7
eta : 5
pi2 : [[[0.00176768 0.00146396 0.97894735 0.00171765]
  [0.00234812 0.00145321 0.01020053 0.00210151]]

 [[0.0201411  0.02456173 0.2959528  0.02172711]
  [0.01723015 0.02298488 0.57744721 0.01995503]]]
state : 8
eta : 1
pi2 : [[[0.01015087 0.00481098 0.00337979 0.00427396]
  [0.95859897 0.01412009 0.00263098 0.00203436]]

 [[0.14108763 0.21386527 0.06919401 0.06686636]
  [0.23898692 0.08397888 0.11770313 0.0683178 ]]]
state : 8
eta : 5
pi2 : [[[0.01015087 0.00481098 0.00337979 0.00427396]
  [0.95859897 0.01412009 0.00263098 0.00203436]]

 [[0.14108763 0.21386527 0.06919401 0.06686636]
  [0.23898692 0.08397888 0.11770313 0.0683178 ]]]
state : 9
eta : 1
pi2 : [[[0.04735443 0.06126873 0.0234016  0.06479165]
  [0.1166656  0.62821233 0.0167421  0.04156357]]

 [[0.20531727 0.24905532 0.03690474 0.08207252]
  [0.23132734 0.10267834 0.0371037  0.05554078]]]
state : 9
eta : 5
pi2 : [[[0.04735443 0.06126873 0.0234016  0.06479165]
  [0.1166656  0.62821233 0.0167421  0.04156357]]

 [[0.20531727 0.24905532 0.03690474 0.08207252]
  [0.23132734 0.10267834 0.0371037  0.05554078]]]
state : 10
eta : 1
pi2 : [[[0.105297   0.27682875 0.01849992 0.03873962]
  [0.04242868 0.45468547 0.01947269 0.04404788]]

 [[0.02918978 0.82792163 0.01467312 0.0118811 ]
  [0.02800037 0.05696561 0.01410561 0.01726278]]]
state : 10
eta : 5
pi2 : [[[0.105297   0.27682875 0.01849992 0.03873962]
  [0.04242868 0.45468547 0.01947269 0.04404788]]

 [[0.02918978 0.82792163 0.01467312 0.0118811 ]
  [0.02800037 0.05696561 0.01410561 0.01726278]]]
state : 11
eta : 1
pi2 : [[[1.82419786e-03 1.04617532e-03 9.79998516e-01 7.80923369e-04]
  [1.33276316e-03 9.38277076e-04 1.32189690e-02 8.60178214e-04]]

 [[1.79874489e-02 1.67470700e-02 7.69023910e-01 7.58103655e-03]
  [1.03760709e-02 1.20144807e-02 1.56546420e-01 9.72356324e-03]]]
state : 11
eta : 5
pi2 : [[[1.82419786e-03 1.04617532e-03 9.79998516e-01 7.80923369e-04]
  [1.33276316e-03 9.38277076e-04 1.32189690e-02 8.60178214e-04]]

 [[1.79874489e-02 1.67470700e-02 7.69023910e-01 7.58103655e-03]
  [1.03760709e-02 1.20144807e-02 1.56546420e-01 9.72356324e-03]]]
state : 12
eta : 1
pi2 : [[[0.95361255 0.00460628 0.00884937 0.00472429]
  [0.01212947 0.00233696 0.00733818 0.0064029 ]]

 [[0.72555661 0.02815646 0.04701581 0.02900282]
  [0.05287198 0.04697485 0.04329731 0.02712416]]]
state : 12
eta : 5
pi2 : [[[0.95361255 0.00460628 0.00884937 0.00472429]
  [0.01212947 0.00233696 0.00733818 0.0064029 ]]

 [[0.72555661 0.02815646 0.04701581 0.02900282]
  [0.05287198 0.04697485 0.04329731 0.02712416]]]
state : 13
eta : 1
pi2 : [[[0.140527 0.140527 0.078419 0.140527]
  [0.140527 0.140527 0.078419 0.140527]]

 [[0.140527 0.140527 0.078419 0.140527]
  [0.140527 0.140527 0.078419 0.140527]]]
state : 13
eta : 5
pi2 : [[[0.140527 0.140527 0.078419 0.140527]
  [0.140527 0.140527 0.078419 0.140527]]

 [[0.140527 0.140527 0.078419 0.140527]
  [0.140527 0.140527 0.078419 0.140527]]]
state : 14
eta : 1
pi2 : [[[0.140527 0.140527 0.078419 0.140527]
  [0.140527 0.140527 0.078419 0.140527]]

 [[0.140527 0.140527 0.078419 0.140527]
  [0.140527 0.140527 0.078419 0.140527]]]
state : 14
eta : 5
pi2 : [[[0.140527 0.140527 0.078419 0.140527]
  [0.140527 0.140527 0.078419 0.140527]]

 [[0.140527 0.140527 0.078419 0.140527]
  [0.140527 0.140527 0.078419 0.140527]]]
state : 15
eta : 1
pi2 : [[[0.16045851 0.08954149 0.08954149 0.16045851]
  [0.16045851 0.08954149 0.08954149 0.16045851]]

 [[0.16045851 0.08954149 0.08954149 0.16045851]
  [0.16045851 0.08954149 0.08954149 0.16045851]]]
state : 15
eta : 5
pi2 : [[[0.16045851 0.08954149 0.08954149 0.16045851]
  [0.16045851 0.08954149 0.08954149 0.16045851]]

 [[0.16045851 0.08954149 0.08954149 0.16045851]
  [0.16045851 0.08954149 0.08954149 0.16045851]]]
