state : 0
eta : 1
pi2 : [[[0.03159095 0.5259648  0.10018621 0.04278106]
  [0.04158046 0.06889843 0.15076511 0.03823299]]

 [[0.06899271 0.26311852 0.11990614 0.07414433]
  [0.09105847 0.1609752  0.14180725 0.07999738]]]
state : 0
eta : 5
pi2 : [[[0.03159095 0.5259648  0.10018621 0.04278106]
  [0.04158046 0.06889843 0.15076511 0.03823299]]

 [[0.06899271 0.26311852 0.11990614 0.07414433]
  [0.09105847 0.1609752  0.14180725 0.07999738]]]
state : 1
eta : 1
pi2 : [[[0.0389946  0.21094121 0.08581854 0.07304884]
  [0.0404758  0.34551941 0.15964112 0.04556048]]

 [[0.05776445 0.44567076 0.08472065 0.06701212]
  [0.06591756 0.11348571 0.09276852 0.07266022]]]
state : 1
eta : 5
pi2 : [[[0.0389946  0.21094121 0.08581854 0.07304884]
  [0.0404758  0.34551941 0.15964112 0.04556048]]

 [[0.05776445 0.44567076 0.08472065 0.06701212]
  [0.06591756 0.11348571 0.09276852 0.07266022]]]
state : 2
eta : 1
pi2 : [[[0.04086261 0.15082728 0.26253645 0.0558072 ]
  [0.02903082 0.14172007 0.2685606  0.05065497]]

 [[0.03354096 0.12256429 0.07139887 0.05124486]
  [0.06141182 0.0640061  0.53972605 0.05610705]]]
state : 2
eta : 5
pi2 : [[[0.04086261 0.15082728 0.26253645 0.0558072 ]
  [0.02903082 0.14172007 0.2685606  0.05065497]]

 [[0.03354096 0.12256429 0.07139887 0.05124486]
  [0.06141182 0.0640061  0.53972605 0.05610705]]]
state : 3
eta : 1
pi2 : [[[0.04784276 0.05678509 0.40982597 0.09076584]
  [0.04384138 0.03340786 0.24008897 0.07744213]]

 [[0.05690506 0.06201334 0.47156193 0.06817575]
  [0.07298694 0.04921099 0.15480138 0.06434461]]]
state : 3
eta : 5
pi2 : [[[0.04784276 0.05678509 0.40982597 0.09076584]
  [0.04384138 0.03340786 0.24008897 0.07744213]]

 [[0.05690506 0.06201334 0.47156193 0.06817575]
  [0.07298694 0.04921099 0.15480138 0.06434461]]]
state : 4
eta : 1
pi2 : [[[0.07572477 0.16179678 0.08078418 0.03748553]
  [0.14679409 0.39154802 0.05893182 0.0469348 ]]

 [[0.00764299 0.118473   0.00631604 0.00547347]
  [0.00550862 0.84453099 0.00594389 0.00611101]]]
state : 4
eta : 5
pi2 : [[[0.07572477 0.16179678 0.08078418 0.03748553]
  [0.14679409 0.39154802 0.05893182 0.0469348 ]]

 [[0.00764299 0.118473   0.00631604 0.00547347]
  [0.00550862 0.84453099 0.00594389 0.00611101]]]
state : 5
eta : 1
pi2 : [[[0.03620476 0.69549102 0.01909038 0.01579683]
  [0.03166363 0.16831039 0.01372346 0.01971953]]

 [[0.00428247 0.95232754 0.00314598 0.00434637]
  [0.00436051 0.02619178 0.00228887 0.00305649]]]
state : 5
eta : 5
pi2 : [[[0.03620476 0.69549102 0.01909038 0.01579683]
  [0.03166363 0.16831039 0.01372346 0.01971953]]

 [[0.00428247 0.95232754 0.00314598 0.00434637]
  [0.00436051 0.02619178 0.00228887 0.00305649]]]
state : 6
eta : 1
pi2 : [[[0.00660356 0.95727494 0.00441455 0.0054246 ]
  [0.00467138 0.01106352 0.0056634  0.00488405]]

 [[0.0207084  0.14370922 0.01330287 0.01447696]
  [0.02097744 0.74445595 0.02722058 0.01514858]]]
state : 6
eta : 5
pi2 : [[[0.00660356 0.95727494 0.00441455 0.0054246 ]
  [0.00467138 0.01106352 0.0056634  0.00488405]]

 [[0.0207084  0.14370922 0.01330287 0.01447696]
  [0.02097744 0.74445595 0.02722058 0.01514858]]]
state : 7
eta : 1
pi2 : [[[0.00176766 0.00146395 0.97894761 0.00171763]
  [0.00234809 0.00145319 0.01020039 0.00210149]]

 [[0.0201411  0.02456173 0.2959528  0.02172711]
  [0.01723015 0.02298488 0.57744721 0.01995503]]]
state : 7
eta : 5
pi2 : [[[0.00176766 0.00146395 0.97894761 0.00171763]
  [0.00234809 0.00145319 0.01020039 0.00210149]]

 [[0.0201411  0.02456173 0.2959528  0.02172711]
  [0.01723015 0.02298488 0.57744721 0.01995503]]]
state : 8
eta : 1
pi2 : [[[0.01014919 0.00481027 0.00337931 0.00427334]
  [0.95860565 0.01411756 0.00263061 0.00203407]]

 [[0.14108763 0.21386527 0.06919401 0.06686636]
  [0.23898692 0.08397888 0.11770313 0.0683178 ]]]
state : 8
eta : 5
pi2 : [[[0.01014919 0.00481027 0.00337931 0.00427334]
  [0.95860565 0.01411756 0.00263061 0.00203407]]

 [[0.14108763 0.21386527 0.06919401 0.06686636]
  [0.23898692 0.08397888 0.11770313 0.0683178 ]]]
state : 9
eta : 1
pi2 : [[[0.04735443 0.06126873 0.0234016  0.06479165]
  [0.1166656  0.62821233 0.0167421  0.04156357]]

 [[0.20531727 0.24905532 0.03690474 0.08207252]
  [0.23132734 0.10267834 0.0371037  0.05554078]]]
state : 9
eta : 5
pi2 : [[[0.04735443 0.06126873 0.0234016  0.06479165]
  [0.1166656  0.62821233 0.0167421  0.04156357]]

 [[0.20531727 0.24905532 0.03690474 0.08207252]
  [0.23132734 0.10267834 0.0371037  0.05554078]]]
state : 10
eta : 1
pi2 : [[[0.105297   0.27682875 0.01849992 0.03873962]
  [0.04242868 0.45468547 0.01947269 0.04404788]]

 [[0.02918978 0.82792163 0.01467312 0.0118811 ]
  [0.02800037 0.05696561 0.01410561 0.01726278]]]
state : 10
eta : 5
pi2 : [[[0.105297   0.27682875 0.01849992 0.03873962]
  [0.04242868 0.45468547 0.01947269 0.04404788]]

 [[0.02918978 0.82792163 0.01467312 0.0118811 ]
  [0.02800037 0.05696561 0.01410561 0.01726278]]]
state : 11
eta : 1
pi2 : [[[1.82419992e-03 1.04617646e-03 9.79998486e-01 7.80924207e-04]
  [1.33276463e-03 9.38278091e-04 1.32189919e-02 8.60179140e-04]]

 [[1.79874489e-02 1.67470700e-02 7.69023910e-01 7.58103655e-03]
  [1.03760709e-02 1.20144807e-02 1.56546420e-01 9.72356324e-03]]]
state : 11
eta : 5
pi2 : [[[1.82419992e-03 1.04617646e-03 9.79998486e-01 7.80924207e-04]
  [1.33276463e-03 9.38278091e-04 1.32189919e-02 8.60179140e-04]]

 [[1.79874489e-02 1.67470700e-02 7.69023910e-01 7.58103655e-03]
  [1.03760709e-02 1.20144807e-02 1.56546420e-01 9.72356324e-03]]]
state : 12
eta : 1
pi2 : [[[0.9536123  0.0046063  0.00884942 0.00472431]
  [0.01212954 0.00233697 0.00733822 0.00640293]]

 [[0.72555661 0.02815646 0.04701581 0.02900282]
  [0.05287198 0.04697485 0.04329731 0.02712416]]]
state : 12
eta : 5
pi2 : [[[0.9536123  0.0046063  0.00884942 0.00472431]
  [0.01212954 0.00233697 0.00733822 0.00640293]]

 [[0.72555661 0.02815646 0.04701581 0.02900282]
  [0.05287198 0.04697485 0.04329731 0.02712416]]]
state : 13
eta : 1
pi2 : [[[0.140527 0.140527 0.078419 0.140527]
  [0.140527 0.140527 0.078419 0.140527]]

 [[0.140527 0.140527 0.078419 0.140527]
  [0.140527 0.140527 0.078419 0.140527]]]
state : 13
eta : 5
pi2 : [[[0.140527 0.140527 0.078419 0.140527]
  [0.140527 0.140527 0.078419 0.140527]]

 [[0.140527 0.140527 0.078419 0.140527]
  [0.140527 0.140527 0.078419 0.140527]]]
state : 14
eta : 1
pi2 : [[[0.140527 0.140527 0.078419 0.140527]
  [0.140527 0.140527 0.078419 0.140527]]

 [[0.140527 0.140527 0.078419 0.140527]
  [0.140527 0.140527 0.078419 0.140527]]]
state : 14
eta : 5
pi2 : [[[0.140527 0.140527 0.078419 0.140527]
  [0.140527 0.140527 0.078419 0.140527]]

 [[0.140527 0.140527 0.078419 0.140527]
  [0.140527 0.140527 0.078419 0.140527]]]
state : 15
eta : 1
pi2 : [[[0.16045851 0.08954149 0.08954149 0.16045851]
  [0.16045851 0.08954149 0.08954149 0.16045851]]

 [[0.16045851 0.08954149 0.08954149 0.16045851]
  [0.16045851 0.08954149 0.08954149 0.16045851]]]
state : 15
eta : 5
pi2 : [[[0.16045851 0.08954149 0.08954149 0.16045851]
  [0.16045851 0.08954149 0.08954149 0.16045851]]

 [[0.16045851 0.08954149 0.08954149 0.16045851]
  [0.16045851 0.08954149 0.08954149 0.16045851]]]
