state : 0
eta : 1
pi2 : [[[0.         0.2908693  0.23260863 0.        ]
  [0.         0.29015518 0.18636688 0.        ]]

 [[0.         0.29538204 0.29445475 0.        ]
  [0.         0.18288743 0.22727578 0.        ]]]
state : 0
eta : 5
pi2 : [[[0.         0.2908693  0.23260863 0.        ]
  [0.         0.29015518 0.18636688 0.        ]]

 [[0.         0.29538204 0.29445475 0.        ]
  [0.         0.18288743 0.22727578 0.        ]]]
state : 1
eta : 1
pi2 : [[[0.         0.17455148 0.13850047 0.17470211]
  [0.         0.17465295 0.16301178 0.17458121]]

 [[0.         0.11007344 0.18623467 0.18604433]
  [0.         0.18585878 0.18567783 0.14611095]]]
state : 1
eta : 5
pi2 : [[[0.         0.17455148 0.13850047 0.17470211]
  [0.         0.17465295 0.16301178 0.17458121]]

 [[0.         0.11007344 0.18623467 0.18604433]
  [0.         0.18585878 0.18567783 0.14611095]]]
state : 2
eta : 1
pi2 : [[[0.         0.18030776 0.18019492 0.14324591]
  [0.         0.18023977 0.13562398 0.18038767]]

 [[0.         0.16666667 0.16666667 0.16666667]
  [0.         0.16666667 0.16666667 0.16666667]]]
state : 2
eta : 5
pi2 : [[[0.         0.18030776 0.18019492 0.14324591]
  [0.         0.18023977 0.13562398 0.18038767]]

 [[0.         0.16666667 0.16666667 0.16666667]
  [0.         0.16666667 0.16666667 0.16666667]]]
state : 3
eta : 1
pi2 : [[[0.   0.   0.25 0.25]
  [0.   0.   0.25 0.25]]

 [[0.   0.   0.25 0.25]
  [0.   0.   0.25 0.25]]]
state : 3
eta : 5
pi2 : [[[0.   0.   0.25 0.25]
  [0.   0.   0.25 0.25]]

 [[0.   0.   0.25 0.25]
  [0.   0.   0.25 0.25]]]
state : 4
eta : 1
pi2 : [[[0.15899427 0.17108388 0.18340666 0.        ]
  [0.14323896 0.18352977 0.15974647 0.        ]]

 [[0.13090227 0.23489162 0.15470522 0.        ]
  [0.17860377 0.17640674 0.12449038 0.        ]]]
state : 4
eta : 5
pi2 : [[[0.15899427 0.17108388 0.18340666 0.        ]
  [0.14323896 0.18352977 0.15974647 0.        ]]

 [[0.13090227 0.23489162 0.15470522 0.        ]
  [0.17860377 0.17640674 0.12449038 0.        ]]]
state : 5
eta : 1
pi2 : [[[0.12710784 0.12639513 0.13628589 0.12808558]
  [0.13623024 0.10262113 0.13627216 0.10700202]]

 [[0.13488115 0.13484238 0.13480408 0.13476623]
  [0.10115032 0.13484879 0.1252602  0.09944685]]]
state : 5
eta : 5
pi2 : [[[0.12710784 0.12639513 0.13628589 0.12808558]
  [0.13623024 0.10262113 0.13627216 0.10700202]]

 [[0.13488115 0.13484238 0.13480408 0.13476623]
  [0.10115032 0.13484879 0.1252602  0.09944685]]]
state : 6
eta : 1
pi2 : [[[0.12612051 0.12611923 0.12611796 0.12611669]
  [0.12611542 0.12611416 0.1261129  0.11718312]]

 [[0.13334176 0.13330837 0.10758729 0.12531936]
  [0.13331239 0.13327952 0.10048834 0.13336298]]]
state : 6
eta : 5
pi2 : [[[0.12612051 0.12611923 0.12611796 0.12611669]
  [0.12611542 0.12611416 0.1261129  0.11718312]]

 [[0.13334176 0.13330837 0.10758729 0.12531936]
  [0.13331239 0.13327952 0.10048834 0.13336298]]]
state : 7
eta : 1
pi2 : [[[0.16666667 0.         0.16666667 0.16666667]
  [0.16666667 0.         0.16666667 0.16666667]]

 [[0.16666667 0.         0.16666667 0.16666667]
  [0.16666667 0.         0.16666667 0.16666667]]]
state : 7
eta : 5
pi2 : [[[0.16666667 0.         0.16666667 0.16666667]
  [0.16666667 0.         0.16666667 0.16666667]]

 [[0.16666667 0.         0.16666667 0.16666667]
  [0.16666667 0.         0.16666667 0.16666667]]]
state : 8
eta : 1
pi2 : [[[0.27133632 0.25790835 0.11935705 0.        ]
  [0.18093247 0.071432   0.0990338  0.        ]]

 [[0.32265552 0.08559751 0.07941556 0.        ]
  [0.23598287 0.16739681 0.10895173 0.        ]]]
state : 8
eta : 5
pi2 : [[[0.27133632 0.25790835 0.11935705 0.        ]
  [0.18093247 0.071432   0.0990338  0.        ]]

 [[0.32265552 0.08559751 0.07941556 0.        ]
  [0.23598287 0.16739681 0.10895173 0.        ]]]
state : 9
eta : 1
pi2 : [[[0.11086343 0.10744679 0.14663517 0.10098208]
  [0.14360648 0.12770906 0.14151    0.12124699]]

 [[0.1469626  0.09797513 0.11536113 0.12478327]
  [0.08938417 0.1475819  0.14133845 0.13661335]]]
state : 9
eta : 5
pi2 : [[[0.11086343 0.10744679 0.14663517 0.10098208]
  [0.14360648 0.12770906 0.14151    0.12124699]]

 [[0.1469626  0.09797513 0.11536113 0.12478327]
  [0.08938417 0.1475819  0.14133845 0.13661335]]]
state : 10
eta : 1
pi2 : [[[0.1187129  0.09568984 0.14116477 0.11467092]
  [0.14115264 0.1246004  0.14108362 0.12292492]]

 [[0.13135802 0.13133264 0.11258665 0.13133166]
  [0.13130676 0.13128214 0.0994284  0.13137373]]]
state : 10
eta : 5
pi2 : [[[0.1187129  0.09568984 0.14116477 0.11467092]
  [0.14115264 0.1246004  0.14108362 0.12292492]]

 [[0.13135802 0.13133264 0.11258665 0.13133166]
  [0.13130676 0.13128214 0.0994284  0.13137373]]]
state : 11
eta : 1
pi2 : [[[0.16666667 0.         0.16666667 0.16666667]
  [0.16666667 0.         0.16666667 0.16666667]]

 [[0.16666667 0.         0.16666667 0.16666667]
  [0.16666667 0.         0.16666667 0.16666667]]]
state : 11
eta : 5
pi2 : [[[0.16666667 0.         0.16666667 0.16666667]
  [0.16666667 0.         0.16666667 0.16666667]]

 [[0.16666667 0.         0.16666667 0.16666667]
  [0.16666667 0.         0.16666667 0.16666667]]]
state : 12
eta : 1
pi2 : [[[0.02973786 0.05536378 0.         0.        ]
  [0.06317953 0.85171883 0.         0.        ]]

 [[0.09765771 0.38017937 0.         0.        ]
  [0.24693629 0.27522663 0.         0.        ]]]
state : 12
eta : 5
pi2 : [[[0.02973786 0.05536378 0.         0.        ]
  [0.06317953 0.85171883 0.         0.        ]]

 [[0.09765771 0.38017937 0.         0.        ]
  [0.24693629 0.27522663 0.         0.        ]]]
state : 13
eta : 1
pi2 : [[[0.16666667 0.16666667 0.         0.16666667]
  [0.16666667 0.16666667 0.         0.16666667]]

 [[0.16666667 0.16666667 0.         0.16666667]
  [0.16666667 0.16666667 0.         0.16666667]]]
state : 13
eta : 5
pi2 : [[[0.16666667 0.16666667 0.         0.16666667]
  [0.16666667 0.16666667 0.         0.16666667]]

 [[0.16666667 0.16666667 0.         0.16666667]
  [0.16666667 0.16666667 0.         0.16666667]]]
state : 14
eta : 1
pi2 : [[[0.16666667 0.16666667 0.         0.16666667]
  [0.16666667 0.16666667 0.         0.16666667]]

 [[0.16666667 0.16666667 0.         0.16666667]
  [0.16666667 0.16666667 0.         0.16666667]]]
state : 14
eta : 5
pi2 : [[[0.16666667 0.16666667 0.         0.16666667]
  [0.16666667 0.16666667 0.         0.16666667]]

 [[0.16666667 0.16666667 0.         0.16666667]
  [0.16666667 0.16666667 0.         0.16666667]]]
state : 15
eta : 1
pi2 : [[[0.25 0.   0.   0.25]
  [0.25 0.   0.   0.25]]

 [[0.25 0.   0.   0.25]
  [0.25 0.   0.   0.25]]]
state : 15
eta : 5
pi2 : [[[0.25 0.   0.   0.25]
  [0.25 0.   0.   0.25]]

 [[0.25 0.   0.   0.25]
  [0.25 0.   0.   0.25]]]
