state : 0
eta : 1
pi2 : [[[0.01249739 0.09387393 0.02150755 0.01411   ]
  [0.01635722 0.03436129 0.56536393 0.2419287 ]]

 [[0.0513357  0.03073581 0.0189203  0.02713451]
  [0.02131399 0.82448718 0.00510245 0.02097007]]]
state : 0
eta : 5
pi2 : [[[0.01249739 0.09387393 0.02150755 0.01411   ]
  [0.01635722 0.03436129 0.56536393 0.2419287 ]]

 [[0.0513357  0.03073581 0.0189203  0.02713451]
  [0.02131399 0.82448718 0.00510245 0.02097007]]]
state : 1
eta : 1
pi2 : [[[0.04978996 0.04202548 0.55494817 0.06946176]
  [0.0529181  0.12555584 0.05280429 0.05249641]]

 [[0.02299723 0.12966053 0.00822426 0.00353844]
  [0.03543199 0.77443201 0.01661616 0.00909938]]]
state : 1
eta : 5
pi2 : [[[0.04978996 0.04202548 0.55494817 0.06946176]
  [0.0529181  0.12555584 0.05280429 0.05249641]]

 [[0.02299723 0.12966053 0.00822426 0.00353844]
  [0.03543199 0.77443201 0.01661616 0.00909938]]]
state : 2
eta : 1
pi2 : [[[0.08387841 0.25744928 0.01350976 0.0455784 ]
  [0.03656543 0.38181705 0.12008558 0.06111607]]

 [[0.00963935 0.53381851 0.34405019 0.02373103]
  [0.02008569 0.01311171 0.03230276 0.02326076]]]
state : 2
eta : 5
pi2 : [[[0.08387841 0.25744928 0.01350976 0.0455784 ]
  [0.03656543 0.38181705 0.12008558 0.06111607]]

 [[0.00963935 0.53381851 0.34405019 0.02373103]
  [0.02008569 0.01311171 0.03230276 0.02326076]]]
state : 3
eta : 1
pi2 : [[[0.03778039 0.02748109 0.69435646 0.01290073]
  [0.02070169 0.02469586 0.15128738 0.03079639]]

 [[0.02986966 0.08839895 0.10164366 0.0662839 ]
  [0.05445377 0.05657937 0.53829979 0.0644709 ]]]
state : 3
eta : 5
pi2 : [[[0.03778039 0.02748109 0.69435646 0.01290073]
  [0.02070169 0.02469586 0.15128738 0.03079639]]

 [[0.02986966 0.08839895 0.10164366 0.0662839 ]
  [0.05445377 0.05657937 0.53829979 0.0644709 ]]]
state : 4
eta : 1
pi2 : [[[2.42618317e-01 1.13787047e-01 4.68222913e-02 1.69242500e-02]
  [1.79625201e-01 2.95893941e-01 6.92576465e-02 3.50713047e-02]]

 [[1.78542174e-03 4.09783959e-04 2.93486588e-04 6.87619163e-04]
  [1.58260234e-03 9.94410880e-01 5.02980675e-04 3.27225382e-04]]]
state : 4
eta : 5
pi2 : [[[2.42618317e-01 1.13787047e-01 4.68222913e-02 1.69242500e-02]
  [1.79625201e-01 2.95893941e-01 6.92576465e-02 3.50713047e-02]]

 [[1.78542174e-03 4.09783959e-04 2.93486588e-04 6.87619163e-04]
  [1.58260234e-03 9.94410880e-01 5.02980675e-04 3.27225382e-04]]]
state : 5
eta : 1
pi2 : [[[1.00473875e-01 1.61804560e-01 2.11208420e-02 1.31524427e-01]
  [2.38790723e-01 2.50102146e-01 6.69282623e-02 2.92551638e-02]]

 [[2.21564700e-04 1.82620944e-03 2.51093130e-04 7.44896041e-04]
  [1.80888683e-03 9.94590478e-01 2.55723369e-04 3.01148069e-04]]]
state : 5
eta : 5
pi2 : [[[1.00473875e-01 1.61804560e-01 2.11208420e-02 1.31524427e-01]
  [2.38790723e-01 2.50102146e-01 6.69282623e-02 2.92551638e-02]]

 [[2.21564700e-04 1.82620944e-03 2.51093130e-04 7.44896041e-04]
  [1.80888683e-03 9.94590478e-01 2.55723369e-04 3.01148069e-04]]]
state : 6
eta : 1
pi2 : [[[1.39608419e-03 9.83847917e-01 8.97013889e-04 1.21275318e-03]
  [1.34557129e-03 9.12623007e-03 9.29812851e-04 1.24461763e-03]]

 [[2.35470694e-04 3.26718662e-03 4.98011421e-04 3.13815127e-04]
  [1.22681663e-03 9.93332291e-01 6.82460987e-04 4.43947757e-04]]]
state : 6
eta : 5
pi2 : [[[1.39608419e-03 9.83847917e-01 8.97013889e-04 1.21275318e-03]
  [1.34557129e-03 9.12623007e-03 9.29812851e-04 1.24461763e-03]]

 [[2.35470694e-04 3.26718662e-03 4.98011421e-04 3.13815127e-04]
  [1.22681663e-03 9.93332291e-01 6.82460987e-04 4.43947757e-04]]]
state : 7
eta : 1
pi2 : [[[2.15236515e-03 2.76135392e-03 9.82921202e-01 1.96119211e-03]
  [2.08381020e-03 1.44215964e-03 4.75266388e-03 1.92525328e-03]]

 [[4.08142242e-04 3.99477705e-04 9.96095682e-01 5.59121456e-04]
  [5.11232141e-04 7.68930656e-04 9.16347898e-04 3.41066004e-04]]]
state : 7
eta : 5
pi2 : [[[2.15236515e-03 2.76135392e-03 9.82921202e-01 1.96119211e-03]
  [2.08381020e-03 1.44215964e-03 4.75266388e-03 1.92525328e-03]]

 [[4.08142242e-04 3.99477705e-04 9.96095682e-01 5.59121456e-04]
  [5.11232141e-04 7.68930656e-04 9.16347898e-04 3.41066004e-04]]]
state : 8
eta : 1
pi2 : [[[7.48281661e-03 6.61104284e-02 2.33334206e-01 1.34671993e-02]
  [1.57607080e-02 3.76449976e-02 2.69782399e-02 5.99221404e-01]]

 [[2.52669273e-04 2.47180324e-04 2.13339379e-03 6.63674564e-04]
  [9.95811049e-01 2.03499089e-04 1.90442514e-04 4.98091390e-04]]]
state : 8
eta : 5
pi2 : [[[7.48281661e-03 6.61104284e-02 2.33334206e-01 1.34671993e-02]
  [1.57607080e-02 3.76449976e-02 2.69782399e-02 5.99221404e-01]]

 [[2.52669273e-04 2.47180324e-04 2.13339379e-03 6.63674564e-04]
  [9.95811049e-01 2.03499089e-04 1.90442514e-04 4.98091390e-04]]]
state : 9
eta : 1
pi2 : [[[0.29753911 0.00320935 0.00733125 0.54562779]
  [0.00457714 0.00819383 0.04209251 0.09142902]]

 [[0.18730135 0.13827874 0.01573446 0.1188851 ]
  [0.08690292 0.31095158 0.06956623 0.07237962]]]
state : 9
eta : 5
pi2 : [[[0.29753911 0.00320935 0.00733125 0.54562779]
  [0.00457714 0.00819383 0.04209251 0.09142902]]

 [[0.18730135 0.13827874 0.01573446 0.1188851 ]
  [0.08690292 0.31095158 0.06956623 0.07237962]]]
state : 10
eta : 1
pi2 : [[[0.12277953 0.41251665 0.07211073 0.03557909]
  [0.08867917 0.11847939 0.07642138 0.07343405]]

 [[0.05968957 0.10782866 0.04535691 0.11239556]
  [0.02356219 0.56978881 0.02655044 0.05482788]]]
state : 10
eta : 5
pi2 : [[[0.12277953 0.41251665 0.07211073 0.03557909]
  [0.08867917 0.11847939 0.07642138 0.07343405]]

 [[0.05968957 0.10782866 0.04535691 0.11239556]
  [0.02356219 0.56978881 0.02655044 0.05482788]]]
state : 11
eta : 1
pi2 : [[[8.39147986e-04 8.35139596e-04 4.98233858e-01 2.13047611e-04]
  [8.63365612e-04 6.11306788e-04 4.98233858e-01 1.70275956e-04]]

 [[1.93614935e-02 3.49718417e-02 4.07055536e-01 1.89902512e-02]
  [4.91451700e-02 3.76570360e-02 4.07055536e-01 2.57631363e-02]]]
state : 11
eta : 5
pi2 : [[[8.39147986e-04 8.35139596e-04 4.98233858e-01 2.13047611e-04]
  [8.63365612e-04 6.11306788e-04 4.98233858e-01 1.70275956e-04]]

 [[1.93614935e-02 3.49718417e-02 4.07055536e-01 1.89902512e-02]
  [4.91451700e-02 3.76570360e-02 4.07055536e-01 2.57631363e-02]]]
state : 12
eta : 1
pi2 : [[[1.15040302e-03 6.94894520e-04 5.79141047e-04 5.02405383e-04]
  [9.95300183e-01 8.01965625e-05 9.05157498e-04 7.87618570e-04]]

 [[1.29691166e-04 9.57521626e-01 1.59515749e-03 1.25430544e-04]
  [3.99331773e-04 3.88141785e-02 6.55662666e-04 7.58921606e-04]]]
state : 12
eta : 5
pi2 : [[[1.15040302e-03 6.94894520e-04 5.79141047e-04 5.02405383e-04]
  [9.95300183e-01 8.01965625e-05 9.05157498e-04 7.87618570e-04]]

 [[1.29691166e-04 9.57521626e-01 1.59515749e-03 1.25430544e-04]
  [3.99331773e-04 3.88141785e-02 6.55662666e-04 7.58921606e-04]]]
state : 13
eta : 1
pi2 : [[[0.140527 0.140527 0.078419 0.140527]
  [0.140527 0.140527 0.078419 0.140527]]

 [[0.140527 0.140527 0.078419 0.140527]
  [0.140527 0.140527 0.078419 0.140527]]]
state : 13
eta : 5
pi2 : [[[0.140527 0.140527 0.078419 0.140527]
  [0.140527 0.140527 0.078419 0.140527]]

 [[0.140527 0.140527 0.078419 0.140527]
  [0.140527 0.140527 0.078419 0.140527]]]
state : 14
eta : 1
pi2 : [[[0.140527 0.140527 0.078419 0.140527]
  [0.140527 0.140527 0.078419 0.140527]]

 [[0.140527 0.140527 0.078419 0.140527]
  [0.140527 0.140527 0.078419 0.140527]]]
state : 14
eta : 5
pi2 : [[[0.140527 0.140527 0.078419 0.140527]
  [0.140527 0.140527 0.078419 0.140527]]

 [[0.140527 0.140527 0.078419 0.140527]
  [0.140527 0.140527 0.078419 0.140527]]]
state : 15
eta : 1
pi2 : [[[0.16045851 0.08954149 0.08954149 0.16045851]
  [0.16045851 0.08954149 0.08954149 0.16045851]]

 [[0.16045851 0.08954149 0.08954149 0.16045851]
  [0.16045851 0.08954149 0.08954149 0.16045851]]]
state : 15
eta : 5
pi2 : [[[0.16045851 0.08954149 0.08954149 0.16045851]
  [0.16045851 0.08954149 0.08954149 0.16045851]]

 [[0.16045851 0.08954149 0.08954149 0.16045851]
  [0.16045851 0.08954149 0.08954149 0.16045851]]]
