state : 0
eta : 1
pi2 : [[[0.03159095 0.5259648  0.10018621 0.04278106]
  [0.04158046 0.06889843 0.15076511 0.03823299]]

 [[0.06899271 0.26311852 0.11990614 0.07414433]
  [0.09105847 0.1609752  0.14180725 0.07999738]]]
state : 0
eta : 5
pi2 : [[[0.03159095 0.5259648  0.10018621 0.04278106]
  [0.04158046 0.06889843 0.15076511 0.03823299]]

 [[0.06899271 0.26311852 0.11990614 0.07414433]
  [0.09105847 0.1609752  0.14180725 0.07999738]]]
state : 1
eta : 1
pi2 : [[[0.0389946  0.21094121 0.08581854 0.07304884]
  [0.0404758  0.34551941 0.15964112 0.04556048]]

 [[0.05776445 0.44567076 0.08472065 0.06701212]
  [0.06591756 0.11348571 0.09276852 0.07266022]]]
state : 1
eta : 5
pi2 : [[[0.0389946  0.21094121 0.08581854 0.07304884]
  [0.0404758  0.34551941 0.15964112 0.04556048]]

 [[0.05776445 0.44567076 0.08472065 0.06701212]
  [0.06591756 0.11348571 0.09276852 0.07266022]]]
state : 2
eta : 1
pi2 : [[[0.04086261 0.15082728 0.26253645 0.0558072 ]
  [0.02903082 0.14172007 0.2685606  0.05065497]]

 [[0.03354096 0.12256429 0.07139887 0.05124486]
  [0.06141182 0.0640061  0.53972605 0.05610705]]]
state : 2
eta : 5
pi2 : [[[0.04086261 0.15082728 0.26253645 0.0558072 ]
  [0.02903082 0.14172007 0.2685606  0.05065497]]

 [[0.03354096 0.12256429 0.07139887 0.05124486]
  [0.06141182 0.0640061  0.53972605 0.05610705]]]
state : 3
eta : 1
pi2 : [[[0.04784276 0.05678509 0.40982597 0.09076584]
  [0.04384138 0.03340786 0.24008897 0.07744213]]

 [[0.05690506 0.06201334 0.47156193 0.06817575]
  [0.07298694 0.04921099 0.15480138 0.06434461]]]
state : 3
eta : 5
pi2 : [[[0.04784276 0.05678509 0.40982597 0.09076584]
  [0.04384138 0.03340786 0.24008897 0.07744213]]

 [[0.05690506 0.06201334 0.47156193 0.06817575]
  [0.07298694 0.04921099 0.15480138 0.06434461]]]
state : 4
eta : 1
pi2 : [[[0.07572477 0.16179678 0.08078418 0.03748553]
  [0.14679409 0.39154802 0.05893182 0.0469348 ]]

 [[0.0076428  0.1184641  0.00631588 0.00547333]
  [0.00550849 0.84454079 0.00594375 0.00611086]]]
state : 4
eta : 5
pi2 : [[[0.07572477 0.16179678 0.08078418 0.03748553]
  [0.14679409 0.39154802 0.05893182 0.0469348 ]]

 [[0.0076428  0.1184641  0.00631588 0.00547333]
  [0.00550849 0.84454079 0.00594375 0.00611086]]]
state : 5
eta : 1
pi2 : [[[0.03620526 0.69548545 0.01909063 0.01579703]
  [0.03166406 0.16831416 0.01372364 0.01971978]]

 [[0.0042825  0.95232715 0.003146   0.0043464 ]
  [0.00436054 0.02619202 0.00228888 0.00305651]]]
state : 5
eta : 5
pi2 : [[[0.03620526 0.69548545 0.01909063 0.01579703]
  [0.03166406 0.16831416 0.01372364 0.01971978]]

 [[0.0042825  0.95232715 0.003146   0.0043464 ]
  [0.00436054 0.02619202 0.00228888 0.00305651]]]
state : 6
eta : 1
pi2 : [[[0.00660361 0.95727466 0.00441458 0.00542463]
  [0.00467141 0.0110636  0.00566343 0.00488408]]

 [[0.0207084  0.14370922 0.01330287 0.01447696]
  [0.02097744 0.74445595 0.02722058 0.01514858]]]
state : 6
eta : 5
pi2 : [[[0.00660361 0.95727466 0.00441458 0.00542463]
  [0.00467141 0.0110636  0.00566343 0.00488408]]

 [[0.0207084  0.14370922 0.01330287 0.01447696]
  [0.02097744 0.74445595 0.02722058 0.01514858]]]
state : 7
eta : 1
pi2 : [[[0.00176769 0.00146397 0.97894715 0.00171766]
  [0.00234814 0.00145322 0.01020064 0.00210152]]

 [[0.0201411  0.02456173 0.2959528  0.02172711]
  [0.01723015 0.02298488 0.57744721 0.01995503]]]
state : 7
eta : 5
pi2 : [[[0.00176769 0.00146397 0.97894715 0.00171766]
  [0.00234814 0.00145322 0.01020064 0.00210152]]

 [[0.0201411  0.02456173 0.2959528  0.02172711]
  [0.01723015 0.02298488 0.57744721 0.01995503]]]
state : 8
eta : 1
pi2 : [[[0.0101494  0.00481036 0.00337937 0.00427342]
  [0.95860482 0.01411787 0.00263066 0.00203411]]

 [[0.14108763 0.21386527 0.06919401 0.06686636]
  [0.23898692 0.08397888 0.11770313 0.0683178 ]]]
state : 8
eta : 5
pi2 : [[[0.0101494  0.00481036 0.00337937 0.00427342]
  [0.95860482 0.01411787 0.00263066 0.00203411]]

 [[0.14108763 0.21386527 0.06919401 0.06686636]
  [0.23898692 0.08397888 0.11770313 0.0683178 ]]]
state : 9
eta : 1
pi2 : [[[0.04735443 0.06126873 0.0234016  0.06479165]
  [0.1166656  0.62821233 0.0167421  0.04156357]]

 [[0.20531727 0.24905532 0.03690474 0.08207252]
  [0.23132734 0.10267834 0.0371037  0.05554078]]]
state : 9
eta : 5
pi2 : [[[0.04735443 0.06126873 0.0234016  0.06479165]
  [0.1166656  0.62821233 0.0167421  0.04156357]]

 [[0.20531727 0.24905532 0.03690474 0.08207252]
  [0.23132734 0.10267834 0.0371037  0.05554078]]]
state : 10
eta : 1
pi2 : [[[0.105297   0.27682875 0.01849992 0.03873962]
  [0.04242868 0.45468547 0.01947269 0.04404788]]

 [[0.02918978 0.82792163 0.01467312 0.0118811 ]
  [0.02800037 0.05696561 0.01410561 0.01726278]]]
state : 10
eta : 5
pi2 : [[[0.105297   0.27682875 0.01849992 0.03873962]
  [0.04242868 0.45468547 0.01947269 0.04404788]]

 [[0.02918978 0.82792163 0.01467312 0.0118811 ]
  [0.02800037 0.05696561 0.01410561 0.01726278]]]
state : 11
eta : 1
pi2 : [[[1.82420258e-03 1.04617793e-03 9.79998446e-01 7.80925291e-04]
  [1.33276653e-03 9.38279404e-04 1.32190215e-02 8.60180339e-04]]

 [[1.79874489e-02 1.67470700e-02 7.69023910e-01 7.58103655e-03]
  [1.03760709e-02 1.20144807e-02 1.56546420e-01 9.72356324e-03]]]
state : 11
eta : 5
pi2 : [[[1.82420258e-03 1.04617793e-03 9.79998446e-01 7.80925291e-04]
  [1.33276653e-03 9.38279404e-04 1.32190215e-02 8.60180339e-04]]

 [[1.79874489e-02 1.67470700e-02 7.69023910e-01 7.58103655e-03]
  [1.03760709e-02 1.20144807e-02 1.56546420e-01 9.72356324e-03]]]
state : 12
eta : 1
pi2 : [[[0.95361259 0.00460628 0.00884937 0.00472428]
  [0.01212946 0.00233696 0.00733817 0.00640289]]

 [[0.72555661 0.02815646 0.04701581 0.02900282]
  [0.05287198 0.04697485 0.04329731 0.02712416]]]
state : 12
eta : 5
pi2 : [[[0.95361259 0.00460628 0.00884937 0.00472428]
  [0.01212946 0.00233696 0.00733817 0.00640289]]

 [[0.72555661 0.02815646 0.04701581 0.02900282]
  [0.05287198 0.04697485 0.04329731 0.02712416]]]
state : 13
eta : 1
pi2 : [[[0.140527 0.140527 0.078419 0.140527]
  [0.140527 0.140527 0.078419 0.140527]]

 [[0.140527 0.140527 0.078419 0.140527]
  [0.140527 0.140527 0.078419 0.140527]]]
state : 13
eta : 5
pi2 : [[[0.140527 0.140527 0.078419 0.140527]
  [0.140527 0.140527 0.078419 0.140527]]

 [[0.140527 0.140527 0.078419 0.140527]
  [0.140527 0.140527 0.078419 0.140527]]]
state : 14
eta : 1
pi2 : [[[0.140527 0.140527 0.078419 0.140527]
  [0.140527 0.140527 0.078419 0.140527]]

 [[0.140527 0.140527 0.078419 0.140527]
  [0.140527 0.140527 0.078419 0.140527]]]
state : 14
eta : 5
pi2 : [[[0.140527 0.140527 0.078419 0.140527]
  [0.140527 0.140527 0.078419 0.140527]]

 [[0.140527 0.140527 0.078419 0.140527]
  [0.140527 0.140527 0.078419 0.140527]]]
state : 15
eta : 1
pi2 : [[[0.16045851 0.08954149 0.08954149 0.16045851]
  [0.16045851 0.08954149 0.08954149 0.16045851]]

 [[0.16045851 0.08954149 0.08954149 0.16045851]
  [0.16045851 0.08954149 0.08954149 0.16045851]]]
state : 15
eta : 5
pi2 : [[[0.16045851 0.08954149 0.08954149 0.16045851]
  [0.16045851 0.08954149 0.08954149 0.16045851]]

 [[0.16045851 0.08954149 0.08954149 0.16045851]
  [0.16045851 0.08954149 0.08954149 0.16045851]]]
