state : 0
eta : 1
pi2 : [[[0.05912757 0.14081967 0.22557286 0.07541558]
  [0.08320911 0.26296629 0.07280417 0.08008476]]

 [[0.06757452 0.15593851 0.19522862 0.03547357]
  [0.06599581 0.23672079 0.19237775 0.05069043]]]
state : 0
eta : 5
pi2 : [[[0.05912757 0.14081967 0.22557286 0.07541558]
  [0.08320911 0.26296629 0.07280417 0.08008476]]

 [[0.06757452 0.15593851 0.19522862 0.03547357]
  [0.06599581 0.23672079 0.19237775 0.05069043]]]
state : 1
eta : 1
pi2 : [[[0.06303624 0.1986492  0.1627657  0.12848013]
  [0.066075   0.16992828 0.13413517 0.07693029]]

 [[0.04178607 0.08509255 0.45663371 0.08292642]
  [0.07867356 0.09503539 0.09686386 0.06298844]]]
state : 1
eta : 5
pi2 : [[[0.06303624 0.1986492  0.1627657  0.12848013]
  [0.066075   0.16992828 0.13413517 0.07693029]]

 [[0.04178607 0.08509255 0.45663371 0.08292642]
  [0.07867356 0.09503539 0.09686386 0.06298844]]]
state : 2
eta : 1
pi2 : [[[0.03982364 0.08406918 0.29200333 0.09498467]
  [0.07556878 0.11189804 0.21096598 0.09068637]]

 [[0.06216905 0.09626581 0.34808072 0.07898969]
  [0.0540827  0.08820403 0.17000839 0.10219961]]]
state : 2
eta : 5
pi2 : [[[0.03982364 0.08406918 0.29200333 0.09498467]
  [0.07556878 0.11189804 0.21096598 0.09068637]]

 [[0.06216905 0.09626581 0.34808072 0.07898969]
  [0.0540827  0.08820403 0.17000839 0.10219961]]]
state : 3
eta : 1
pi2 : [[[0.08868911 0.07741849 0.19526695 0.09646264]
  [0.11125731 0.04638172 0.25495474 0.12956905]]

 [[0.0769247  0.04572414 0.48547484 0.05032567]
  [0.08883627 0.04809525 0.15303549 0.05158365]]]
state : 3
eta : 5
pi2 : [[[0.08868911 0.07741849 0.19526695 0.09646264]
  [0.11125731 0.04638172 0.25495474 0.12956905]]

 [[0.0769247  0.04572414 0.48547484 0.05032567]
  [0.08883627 0.04809525 0.15303549 0.05158365]]]
state : 4
eta : 1
pi2 : [[[0.00291082 0.98140439 0.00215827 0.0024688 ]
  [0.00252671 0.00356068 0.00270396 0.00226638]]

 [[0.05705452 0.45388824 0.20487488 0.03171881]
  [0.08284118 0.04795952 0.05281539 0.06884747]]]
state : 4
eta : 5
pi2 : [[[0.00291082 0.98140439 0.00215827 0.0024688 ]
  [0.00252671 0.00356068 0.00270396 0.00226638]]

 [[0.05705452 0.45388824 0.20487488 0.03171881]
  [0.08284118 0.04795952 0.05281539 0.06884747]]]
state : 5
eta : 1
pi2 : [[[0.00279142 0.97675544 0.00274566 0.00287851]
  [0.00274364 0.00760924 0.00257905 0.00189705]]

 [[0.05970315 0.3972534  0.06288558 0.08291107]
  [0.0797907  0.16290168 0.06383009 0.09072433]]]
state : 5
eta : 5
pi2 : [[[0.00279142 0.97675544 0.00274566 0.00287851]
  [0.00274364 0.00760924 0.00257905 0.00189705]]

 [[0.05970315 0.3972534  0.06288558 0.08291107]
  [0.0797907  0.16290168 0.06383009 0.09072433]]]
state : 6
eta : 1
pi2 : [[[0.00334679 0.93044302 0.00640625 0.00309372]
  [0.0034137  0.04451312 0.00597924 0.00280415]]

 [[0.02267434 0.0663232  0.03612895 0.04120212]
  [0.03465272 0.72648132 0.041689   0.03084835]]]
state : 6
eta : 5
pi2 : [[[0.00334679 0.93044302 0.00640625 0.00309372]
  [0.0034137  0.04451312 0.00597924 0.00280415]]

 [[0.02267434 0.0663232  0.03612895 0.04120212]
  [0.03465272 0.72648132 0.041689   0.03084835]]]
state : 7
eta : 1
pi2 : [[[0.00199641 0.00235218 0.9407266  0.0030099 ]
  [0.00158625 0.00242688 0.04443815 0.00346363]]

 [[0.00616979 0.00681085 0.92353803 0.00530092]
  [0.00613402 0.00534762 0.03694309 0.00975568]]]
state : 7
eta : 5
pi2 : [[[0.00199641 0.00235218 0.9407266  0.0030099 ]
  [0.00158625 0.00242688 0.04443815 0.00346363]]

 [[0.00616979 0.00681085 0.92353803 0.00530092]
  [0.00613402 0.00534762 0.03694309 0.00975568]]]
state : 8
eta : 1
pi2 : [[[0.97125055 0.0050039  0.00253683 0.00485279]
  [0.00816802 0.00280364 0.00305259 0.00233168]]

 [[0.20115117 0.16394386 0.06753128 0.04934169]
  [0.1288816  0.28650099 0.04469954 0.05794987]]]
state : 8
eta : 5
pi2 : [[[0.97125055 0.0050039  0.00253683 0.00485279]
  [0.00816802 0.00280364 0.00305259 0.00233168]]

 [[0.20115117 0.16394386 0.06753128 0.04934169]
  [0.1288816  0.28650099 0.04469954 0.05794987]]]
state : 9
eta : 1
pi2 : [[[0.26177822 0.30634956 0.0659906  0.06807939]
  [0.07285813 0.11784054 0.03268104 0.07442253]]

 [[0.15118177 0.29939765 0.04939585 0.10494041]
  [0.08290431 0.18449828 0.05861335 0.06906837]]]
state : 9
eta : 5
pi2 : [[[0.26177822 0.30634956 0.0659906  0.06807939]
  [0.07285813 0.11784054 0.03268104 0.07442253]]

 [[0.15118177 0.29939765 0.04939585 0.10494041]
  [0.08290431 0.18449828 0.05861335 0.06906837]]]
state : 10
eta : 1
pi2 : [[[0.03949504 0.79339217 0.01171346 0.01887376]
  [0.02084944 0.08663921 0.01179809 0.01723884]]

 [[0.05900702 0.60978765 0.02150975 0.02593262]
  [0.04307405 0.1946038  0.02332851 0.0227566 ]]]
state : 10
eta : 5
pi2 : [[[0.03949504 0.79339217 0.01171346 0.01887376]
  [0.02084944 0.08663921 0.01179809 0.01723884]]

 [[0.05900702 0.60978765 0.02150975 0.02593262]
  [0.04307405 0.1946038  0.02332851 0.0227566 ]]]
state : 11
eta : 1
pi2 : [[[0.00380198 0.00402876 0.49032546 0.00201045]
  [0.00396468 0.00363625 0.49032546 0.00190698]]

 [[0.00615122 0.00505384 0.48371018 0.00385932]
  [0.00665453 0.00652447 0.48371018 0.00433626]]]
state : 11
eta : 5
pi2 : [[[0.00380198 0.00402876 0.49032546 0.00201045]
  [0.00396468 0.00363625 0.49032546 0.00190698]]

 [[0.00615122 0.00505384 0.48371018 0.00385932]
  [0.00665453 0.00652447 0.48371018 0.00433626]]]
state : 12
eta : 1
pi2 : [[[0.89260006 0.02981263 0.00904109 0.00451436]
  [0.01863426 0.02608481 0.01064901 0.00866378]]

 [[0.833705   0.01653446 0.01479324 0.04026018]
  [0.05313407 0.01416133 0.01677277 0.01063896]]]
state : 12
eta : 5
pi2 : [[[0.89260006 0.02981263 0.00904109 0.00451436]
  [0.01863426 0.02608481 0.01064901 0.00866378]]

 [[0.833705   0.01653446 0.01479324 0.04026018]
  [0.05313407 0.01416133 0.01677277 0.01063896]]]
state : 13
eta : 1
pi2 : [[[0.140527 0.140527 0.078419 0.140527]
  [0.140527 0.140527 0.078419 0.140527]]

 [[0.140527 0.140527 0.078419 0.140527]
  [0.140527 0.140527 0.078419 0.140527]]]
state : 13
eta : 5
pi2 : [[[0.140527 0.140527 0.078419 0.140527]
  [0.140527 0.140527 0.078419 0.140527]]

 [[0.140527 0.140527 0.078419 0.140527]
  [0.140527 0.140527 0.078419 0.140527]]]
state : 14
eta : 1
pi2 : [[[0.140527 0.140527 0.078419 0.140527]
  [0.140527 0.140527 0.078419 0.140527]]

 [[0.140527 0.140527 0.078419 0.140527]
  [0.140527 0.140527 0.078419 0.140527]]]
state : 14
eta : 5
pi2 : [[[0.140527 0.140527 0.078419 0.140527]
  [0.140527 0.140527 0.078419 0.140527]]

 [[0.140527 0.140527 0.078419 0.140527]
  [0.140527 0.140527 0.078419 0.140527]]]
state : 15
eta : 1
pi2 : [[[0.16045851 0.08954149 0.08954149 0.16045851]
  [0.16045851 0.08954149 0.08954149 0.16045851]]

 [[0.16045851 0.08954149 0.08954149 0.16045851]
  [0.16045851 0.08954149 0.08954149 0.16045851]]]
state : 15
eta : 5
pi2 : [[[0.16045851 0.08954149 0.08954149 0.16045851]
  [0.16045851 0.08954149 0.08954149 0.16045851]]

 [[0.16045851 0.08954149 0.08954149 0.16045851]
  [0.16045851 0.08954149 0.08954149 0.16045851]]]
