state : 0
eta : 1
pi2 : [[[0.05911314 0.14076714 0.22545857 0.07539523]
  [0.08318563 0.26323289 0.07278483 0.08006256]]

 [[0.06757452 0.15593851 0.19522862 0.03547357]
  [0.06599581 0.23672079 0.19237775 0.05069043]]]
state : 0
eta : 5
pi2 : [[[0.05911314 0.14076714 0.22545857 0.07539523]
  [0.08318563 0.26323289 0.07278483 0.08006256]]

 [[0.06757452 0.15593851 0.19522862 0.03547357]
  [0.06599581 0.23672079 0.19237775 0.05069043]]]
state : 1
eta : 1
pi2 : [[[0.06303624 0.1986492  0.1627657  0.12848013]
  [0.066075   0.16992828 0.13413517 0.07693029]]

 [[0.04179171 0.0850924  0.45641829 0.08292684]
  [0.07878558 0.09513236 0.09686009 0.06299273]]]
state : 1
eta : 5
pi2 : [[[0.06303624 0.1986492  0.1627657  0.12848013]
  [0.066075   0.16992828 0.13413517 0.07693029]]

 [[0.04179171 0.0850924  0.45641829 0.08292684]
  [0.07878558 0.09513236 0.09686009 0.06299273]]]
state : 2
eta : 1
pi2 : [[[0.03982364 0.08406918 0.29200333 0.09498467]
  [0.07556878 0.11189804 0.21096598 0.09068637]]

 [[0.06217048 0.09626513 0.34800136 0.07899033]
  [0.05408433 0.08820404 0.16999621 0.10228812]]]
state : 2
eta : 5
pi2 : [[[0.03982364 0.08406918 0.29200333 0.09498467]
  [0.07556878 0.11189804 0.21096598 0.09068637]]

 [[0.06217048 0.09626513 0.34800136 0.07899033]
  [0.05408433 0.08820404 0.16999621 0.10228812]]]
state : 3
eta : 1
pi2 : [[[0.08868911 0.07741849 0.19526695 0.09646264]
  [0.11125731 0.04638172 0.25495474 0.12956905]]

 [[0.0769247  0.04572414 0.48547484 0.05032567]
  [0.08883627 0.04809525 0.15303549 0.05158365]]]
state : 3
eta : 5
pi2 : [[[0.08868911 0.07741849 0.19526695 0.09646264]
  [0.11125731 0.04638172 0.25495474 0.12956905]]

 [[0.0769247  0.04572414 0.48547484 0.05032567]
  [0.08883627 0.04809525 0.15303549 0.05158365]]]
state : 4
eta : 1
pi2 : [[[0.00291062 0.98140563 0.00215813 0.00246863]
  [0.00252654 0.00356044 0.00270377 0.00226623]]

 [[0.05717032 0.45369551 0.20487728 0.03172883]
  [0.08285991 0.04797331 0.05283012 0.06886472]]]
state : 4
eta : 5
pi2 : [[[0.00291062 0.98140563 0.00215813 0.00246863]
  [0.00252654 0.00356044 0.00270377 0.00226623]]

 [[0.05717032 0.45369551 0.20487728 0.03172883]
  [0.08285991 0.04797331 0.05283012 0.06886472]]]
state : 5
eta : 1
pi2 : [[[0.00279122 0.97675726 0.00274546 0.00287829]
  [0.00274343 0.00760857 0.00257886 0.00189691]]

 [[0.05970315 0.3972534  0.06288558 0.08291107]
  [0.0797907  0.16290168 0.06383009 0.09072433]]]
state : 5
eta : 5
pi2 : [[[0.00279122 0.97675726 0.00274546 0.00287829]
  [0.00274343 0.00760857 0.00257886 0.00189691]]

 [[0.05970315 0.3972534  0.06288558 0.08291107]
  [0.0797907  0.16290168 0.06383009 0.09072433]]]
state : 6
eta : 1
pi2 : [[[0.0033474  0.9304183  0.00640738 0.00309429]
  [0.00341433 0.04453333 0.0059803  0.00280466]]

 [[0.02267434 0.0663232  0.03612894 0.04120212]
  [0.03465272 0.72648133 0.041689   0.03084834]]]
state : 6
eta : 5
pi2 : [[[0.0033474  0.9304183  0.00640738 0.00309429]
  [0.00341433 0.04453333 0.0059803  0.00280466]]

 [[0.02267434 0.0663232  0.03612894 0.04120212]
  [0.03465272 0.72648133 0.041689   0.03084834]]]
state : 7
eta : 1
pi2 : [[[0.00199634 0.0023521  0.94072971 0.0030098 ]
  [0.0015862  0.0024268  0.04443553 0.00346351]]

 [[0.00617067 0.00681182 0.92352085 0.00530167]
  [0.0061349  0.00534838 0.03695464 0.00975707]]]
state : 7
eta : 5
pi2 : [[[0.00199634 0.0023521  0.94072971 0.0030098 ]
  [0.0015862  0.0024268  0.04443553 0.00346351]]

 [[0.00617067 0.00681182 0.92352085 0.00530167]
  [0.0061349  0.00534838 0.03695464 0.00975707]]]
state : 8
eta : 1
pi2 : [[[0.97118676 0.00501224 0.00254109 0.00486089]
  [0.00819732 0.00280835 0.00305772 0.00233561]]

 [[0.20115117 0.16394386 0.06753128 0.04934169]
  [0.1288816  0.28650099 0.04469954 0.05794987]]]
state : 8
eta : 5
pi2 : [[[0.97118676 0.00501224 0.00254109 0.00486089]
  [0.00819732 0.00280835 0.00305772 0.00233561]]

 [[0.20115117 0.16394386 0.06753128 0.04934169]
  [0.1288816  0.28650099 0.04469954 0.05794987]]]
state : 9
eta : 1
pi2 : [[[0.26177822 0.30634956 0.0659906  0.06807939]
  [0.07285813 0.11784054 0.03268104 0.07442253]]

 [[0.15118177 0.29939765 0.04939585 0.10494041]
  [0.08290431 0.18449828 0.05861335 0.06906837]]]
state : 9
eta : 5
pi2 : [[[0.26177822 0.30634956 0.0659906  0.06807939]
  [0.07285813 0.11784054 0.03268104 0.07442253]]

 [[0.15118177 0.29939765 0.04939585 0.10494041]
  [0.08290431 0.18449828 0.05861335 0.06906837]]]
state : 10
eta : 1
pi2 : [[[0.03949504 0.79339217 0.01171346 0.01887376]
  [0.02084944 0.08663921 0.01179809 0.01723884]]

 [[0.05900702 0.60978765 0.02150975 0.02593262]
  [0.04307405 0.1946038  0.02332851 0.0227566 ]]]
state : 10
eta : 5
pi2 : [[[0.03949504 0.79339217 0.01171346 0.01887376]
  [0.02084944 0.08663921 0.01179809 0.01723884]]

 [[0.05900702 0.60978765 0.02150975 0.02593262]
  [0.04307405 0.1946038  0.02332851 0.0227566 ]]]
state : 11
eta : 1
pi2 : [[[0.00380198 0.00402876 0.49032546 0.00201045]
  [0.00396468 0.00363625 0.49032546 0.00190698]]

 [[0.00615122 0.00505384 0.48371018 0.00385932]
  [0.00665453 0.00652447 0.48371018 0.00433626]]]
state : 11
eta : 5
pi2 : [[[0.00380198 0.00402876 0.49032546 0.00201045]
  [0.00396468 0.00363625 0.49032546 0.00190698]]

 [[0.00615122 0.00505384 0.48371018 0.00385932]
  [0.00665453 0.00652447 0.48371018 0.00433626]]]
state : 12
eta : 1
pi2 : [[[0.89260006 0.02981263 0.00904109 0.00451436]
  [0.01863426 0.02608481 0.01064901 0.00866378]]

 [[0.83370501 0.01653446 0.01479324 0.04026018]
  [0.05313406 0.01416132 0.01677277 0.01063895]]]
state : 12
eta : 5
pi2 : [[[0.89260006 0.02981263 0.00904109 0.00451436]
  [0.01863426 0.02608481 0.01064901 0.00866378]]

 [[0.83370501 0.01653446 0.01479324 0.04026018]
  [0.05313406 0.01416132 0.01677277 0.01063895]]]
state : 13
eta : 1
pi2 : [[[0.140527 0.140527 0.078419 0.140527]
  [0.140527 0.140527 0.078419 0.140527]]

 [[0.140527 0.140527 0.078419 0.140527]
  [0.140527 0.140527 0.078419 0.140527]]]
state : 13
eta : 5
pi2 : [[[0.140527 0.140527 0.078419 0.140527]
  [0.140527 0.140527 0.078419 0.140527]]

 [[0.140527 0.140527 0.078419 0.140527]
  [0.140527 0.140527 0.078419 0.140527]]]
state : 14
eta : 1
pi2 : [[[0.140527 0.140527 0.078419 0.140527]
  [0.140527 0.140527 0.078419 0.140527]]

 [[0.140527 0.140527 0.078419 0.140527]
  [0.140527 0.140527 0.078419 0.140527]]]
state : 14
eta : 5
pi2 : [[[0.140527 0.140527 0.078419 0.140527]
  [0.140527 0.140527 0.078419 0.140527]]

 [[0.140527 0.140527 0.078419 0.140527]
  [0.140527 0.140527 0.078419 0.140527]]]
state : 15
eta : 1
pi2 : [[[0.16045851 0.08954149 0.08954149 0.16045851]
  [0.16045851 0.08954149 0.08954149 0.16045851]]

 [[0.16045851 0.08954149 0.08954149 0.16045851]
  [0.16045851 0.08954149 0.08954149 0.16045851]]]
state : 15
eta : 5
pi2 : [[[0.16045851 0.08954149 0.08954149 0.16045851]
  [0.16045851 0.08954149 0.08954149 0.16045851]]

 [[0.16045851 0.08954149 0.08954149 0.16045851]
  [0.16045851 0.08954149 0.08954149 0.16045851]]]
