state : 0
eta : 1
pi2 : [[[0.05911639 0.14077896 0.22548428 0.07539981]
  [0.08319092 0.26317289 0.07278918 0.08006756]]

 [[0.06757452 0.15593851 0.19522862 0.03547357]
  [0.06599581 0.23672079 0.19237775 0.05069043]]]
state : 0
eta : 5
pi2 : [[[0.05911639 0.14077896 0.22548428 0.07539981]
  [0.08319092 0.26317289 0.07278918 0.08006756]]

 [[0.06757452 0.15593851 0.19522862 0.03547357]
  [0.06599581 0.23672079 0.19237775 0.05069043]]]
state : 1
eta : 1
pi2 : [[[0.06303624 0.1986492  0.1627657  0.12848013]
  [0.066075   0.16992828 0.13413517 0.07693029]]

 [[0.04179044 0.08509244 0.45646677 0.08292675]
  [0.07876036 0.09511054 0.09686094 0.06299177]]]
state : 1
eta : 5
pi2 : [[[0.06303624 0.1986492  0.1627657  0.12848013]
  [0.066075   0.16992828 0.13413517 0.07693029]]

 [[0.04179044 0.08509244 0.45646677 0.08292675]
  [0.07876036 0.09511054 0.09686094 0.06299177]]]
state : 2
eta : 1
pi2 : [[[0.03982364 0.08406918 0.29200333 0.09498467]
  [0.07556878 0.11189804 0.21096598 0.09068637]]

 [[0.06217016 0.09626529 0.34801923 0.07899018]
  [0.05408396 0.08820404 0.16999894 0.1022682 ]]]
state : 2
eta : 5
pi2 : [[[0.03982364 0.08406918 0.29200333 0.09498467]
  [0.07556878 0.11189804 0.21096598 0.09068637]]

 [[0.06217016 0.09626529 0.34801923 0.07899018]
  [0.05408396 0.08820404 0.16999894 0.1022682 ]]]
state : 3
eta : 1
pi2 : [[[0.08868911 0.07741849 0.19526695 0.09646264]
  [0.11125731 0.04638172 0.25495474 0.12956905]]

 [[0.0769247  0.04572414 0.48547484 0.05032567]
  [0.08883627 0.04809525 0.15303549 0.05158365]]]
state : 3
eta : 5
pi2 : [[[0.08868911 0.07741849 0.19526695 0.09646264]
  [0.11125731 0.04638172 0.25495474 0.12956905]]

 [[0.0769247  0.04572414 0.48547484 0.05032567]
  [0.08883627 0.04809525 0.15303549 0.05158365]]]
state : 4
eta : 1
pi2 : [[[0.00291065 0.98140546 0.00215815 0.00246866]
  [0.00252656 0.00356047 0.0027038  0.00226625]]

 [[0.05714424 0.45373888 0.20487675 0.03172657]
  [0.0828557  0.04797021 0.05282681 0.06886084]]]
state : 4
eta : 5
pi2 : [[[0.00291065 0.98140546 0.00215815 0.00246866]
  [0.00252656 0.00356047 0.0027038  0.00226625]]

 [[0.05714424 0.45373888 0.20487675 0.03172657]
  [0.0828557  0.04797021 0.05282681 0.06886084]]]
state : 5
eta : 1
pi2 : [[[0.00279125 0.97675698 0.00274549 0.00287833]
  [0.00274346 0.00760867 0.00257889 0.00189693]]

 [[0.05970315 0.3972534  0.06288558 0.08291107]
  [0.0797907  0.16290168 0.06383009 0.09072433]]]
state : 5
eta : 5
pi2 : [[[0.00279125 0.97675698 0.00274549 0.00287833]
  [0.00274346 0.00760867 0.00257889 0.00189693]]

 [[0.05970315 0.3972534  0.06288558 0.08291107]
  [0.0797907  0.16290168 0.06383009 0.09072433]]]
state : 6
eta : 1
pi2 : [[[0.00334723 0.93042476 0.00640707 0.00309413]
  [0.00341416 0.04452812 0.00598001 0.00280452]]

 [[0.02267434 0.0663232  0.03612895 0.04120212]
  [0.03465272 0.72648132 0.041689   0.03084835]]]
state : 6
eta : 5
pi2 : [[[0.00334723 0.93042476 0.00640707 0.00309413]
  [0.00341416 0.04452812 0.00598001 0.00280452]]

 [[0.02267434 0.0663232  0.03612895 0.04120212]
  [0.03465272 0.72648132 0.041689   0.03084835]]]
state : 7
eta : 1
pi2 : [[[0.00199649 0.00235227 0.9407229  0.00301003]
  [0.00158631 0.00242698 0.04444125 0.00346377]]

 [[0.00617047 0.0068116  0.92352472 0.0053015 ]
  [0.0061347  0.00534821 0.03695205 0.00975676]]]
state : 7
eta : 5
pi2 : [[[0.00199649 0.00235227 0.9407229  0.00301003]
  [0.00158631 0.00242698 0.04444125 0.00346377]]

 [[0.00617047 0.0068116  0.92352472 0.0053015 ]
  [0.0061347  0.00534821 0.03695205 0.00975676]]]
state : 8
eta : 1
pi2 : [[[0.97120146 0.00501031 0.00254011 0.00485901]
  [0.00819062 0.00280726 0.00305654 0.0023347 ]]

 [[0.20115117 0.16394386 0.06753128 0.04934169]
  [0.1288816  0.28650099 0.04469954 0.05794987]]]
state : 8
eta : 5
pi2 : [[[0.97120146 0.00501031 0.00254011 0.00485901]
  [0.00819062 0.00280726 0.00305654 0.0023347 ]]

 [[0.20115117 0.16394386 0.06753128 0.04934169]
  [0.1288816  0.28650099 0.04469954 0.05794987]]]
state : 9
eta : 1
pi2 : [[[0.26177822 0.30634956 0.0659906  0.06807939]
  [0.07285813 0.11784054 0.03268104 0.07442253]]

 [[0.15118177 0.29939765 0.04939585 0.10494041]
  [0.08290431 0.18449828 0.05861335 0.06906837]]]
state : 9
eta : 5
pi2 : [[[0.26177822 0.30634956 0.0659906  0.06807939]
  [0.07285813 0.11784054 0.03268104 0.07442253]]

 [[0.15118177 0.29939765 0.04939585 0.10494041]
  [0.08290431 0.18449828 0.05861335 0.06906837]]]
state : 10
eta : 1
pi2 : [[[0.03949504 0.79339217 0.01171346 0.01887376]
  [0.02084944 0.08663921 0.01179809 0.01723884]]

 [[0.05900702 0.60978765 0.02150975 0.02593262]
  [0.04307405 0.1946038  0.02332851 0.0227566 ]]]
state : 10
eta : 5
pi2 : [[[0.03949504 0.79339217 0.01171346 0.01887376]
  [0.02084944 0.08663921 0.01179809 0.01723884]]

 [[0.05900702 0.60978765 0.02150975 0.02593262]
  [0.04307405 0.1946038  0.02332851 0.0227566 ]]]
state : 11
eta : 1
pi2 : [[[0.00380198 0.00402876 0.49032546 0.00201045]
  [0.00396468 0.00363625 0.49032546 0.00190698]]

 [[0.00615122 0.00505384 0.48371018 0.00385932]
  [0.00665453 0.00652447 0.48371018 0.00433626]]]
state : 11
eta : 5
pi2 : [[[0.00380198 0.00402876 0.49032546 0.00201045]
  [0.00396468 0.00363625 0.49032546 0.00190698]]

 [[0.00615122 0.00505384 0.48371018 0.00385932]
  [0.00665453 0.00652447 0.48371018 0.00433626]]]
state : 12
eta : 1
pi2 : [[[0.89260006 0.02981263 0.00904109 0.00451436]
  [0.01863426 0.02608481 0.01064901 0.00866378]]

 [[0.83370502 0.01653446 0.01479324 0.04026018]
  [0.05313406 0.01416132 0.01677277 0.01063895]]]
state : 12
eta : 5
pi2 : [[[0.89260006 0.02981263 0.00904109 0.00451436]
  [0.01863426 0.02608481 0.01064901 0.00866378]]

 [[0.83370502 0.01653446 0.01479324 0.04026018]
  [0.05313406 0.01416132 0.01677277 0.01063895]]]
state : 13
eta : 1
pi2 : [[[0.140527 0.140527 0.078419 0.140527]
  [0.140527 0.140527 0.078419 0.140527]]

 [[0.140527 0.140527 0.078419 0.140527]
  [0.140527 0.140527 0.078419 0.140527]]]
state : 13
eta : 5
pi2 : [[[0.140527 0.140527 0.078419 0.140527]
  [0.140527 0.140527 0.078419 0.140527]]

 [[0.140527 0.140527 0.078419 0.140527]
  [0.140527 0.140527 0.078419 0.140527]]]
state : 14
eta : 1
pi2 : [[[0.140527 0.140527 0.078419 0.140527]
  [0.140527 0.140527 0.078419 0.140527]]

 [[0.140527 0.140527 0.078419 0.140527]
  [0.140527 0.140527 0.078419 0.140527]]]
state : 14
eta : 5
pi2 : [[[0.140527 0.140527 0.078419 0.140527]
  [0.140527 0.140527 0.078419 0.140527]]

 [[0.140527 0.140527 0.078419 0.140527]
  [0.140527 0.140527 0.078419 0.140527]]]
state : 15
eta : 1
pi2 : [[[0.16045851 0.08954149 0.08954149 0.16045851]
  [0.16045851 0.08954149 0.08954149 0.16045851]]

 [[0.16045851 0.08954149 0.08954149 0.16045851]
  [0.16045851 0.08954149 0.08954149 0.16045851]]]
state : 15
eta : 5
pi2 : [[[0.16045851 0.08954149 0.08954149 0.16045851]
  [0.16045851 0.08954149 0.08954149 0.16045851]]

 [[0.16045851 0.08954149 0.08954149 0.16045851]
  [0.16045851 0.08954149 0.08954149 0.16045851]]]
