state : 0
eta : 1
pi2 : [[[0.08926745 0.17724185 0.15762267 0.10010418]
  [0.09988121 0.14158964 0.14484197 0.08945102]]

 [[0.08447064 0.16110341 0.17997977 0.09495012]
  [0.08840338 0.13732779 0.16777701 0.08598788]]]
state : 0
eta : 5
pi2 : [[[0.08926745 0.17724185 0.15762267 0.10010418]
  [0.09988121 0.14158964 0.14484197 0.08945102]]

 [[0.08447064 0.16110341 0.17997977 0.09495012]
  [0.08840338 0.13732779 0.16777701 0.08598788]]]
state : 1
eta : 1
pi2 : [[[0.07890743 0.13093686 0.14870324 0.12496647]
  [0.08451917 0.14199892 0.15507425 0.13489368]]

 [[0.08457384 0.14032837 0.16148957 0.10241951]
  [0.08107542 0.14951706 0.13437669 0.14621955]]]
state : 1
eta : 5
pi2 : [[[0.07890743 0.13093686 0.14870324 0.12496647]
  [0.08451917 0.14199892 0.15507425 0.13489368]]

 [[0.08457384 0.14032837 0.16148957 0.10241951]
  [0.08107542 0.14951706 0.13437669 0.14621955]]]
state : 2
eta : 1
pi2 : [[[0.08245721 0.13261747 0.15052391 0.12795595]
  [0.07762485 0.14501534 0.14729359 0.13651168]]

 [[0.08103428 0.15402632 0.13672366 0.14577861]
  [0.08132609 0.14346844 0.1185597  0.13908289]]]
state : 2
eta : 5
pi2 : [[[0.08245721 0.13261747 0.15052391 0.12795595]
  [0.07762485 0.14501534 0.14729359 0.13651168]]

 [[0.08103428 0.15402632 0.13672366 0.14577861]
  [0.08132609 0.14346844 0.1185597  0.13908289]]]
state : 3
eta : 1
pi2 : [[[0.09165585 0.09195507 0.1578141  0.16164079]
  [0.09173061 0.08632533 0.16245899 0.15641927]]

 [[0.09127614 0.09295514 0.16177805 0.16842408]
  [0.09292658 0.08791932 0.16569735 0.13902335]]]
state : 3
eta : 5
pi2 : [[[0.09165585 0.09195507 0.1578141  0.16164079]
  [0.09173061 0.08632533 0.16245899 0.15641927]]

 [[0.09127614 0.09295514 0.16177805 0.16842408]
  [0.09292658 0.08791932 0.16569735 0.13902335]]]
state : 4
eta : 1
pi2 : [[[0.13841335 0.11260872 0.1540901  0.08920751]
  [0.15470294 0.16638434 0.10081623 0.08377681]]

 [[0.14820246 0.13914803 0.11263523 0.07431663]
  [0.16958684 0.13877736 0.13228985 0.0850436 ]]]
state : 4
eta : 5
pi2 : [[[0.13841335 0.11260872 0.1540901  0.08920751]
  [0.15470294 0.16638434 0.10081623 0.08377681]]

 [[0.14820246 0.13914803 0.11263523 0.07431663]
  [0.16958684 0.13877736 0.13228985 0.0850436 ]]]
state : 5
eta : 1
pi2 : [[[0.11647419 0.12473351 0.12508057 0.1176624 ]
  [0.11589229 0.14452272 0.13010062 0.12553369]]

 [[0.11767678 0.12352743 0.14040993 0.12185329]
  [0.12252459 0.1256445  0.12845151 0.11991197]]]
state : 5
eta : 5
pi2 : [[[0.11647419 0.12473351 0.12508057 0.1176624 ]
  [0.11589229 0.14452272 0.13010062 0.12553369]]

 [[0.11767678 0.12352743 0.14040993 0.12185329]
  [0.12252459 0.1256445  0.12845151 0.11991197]]]
state : 6
eta : 1
pi2 : [[[0.13084284 0.12551461 0.12383053 0.12136402]
  [0.12107928 0.12896936 0.12300673 0.12539263]]

 [[0.12539585 0.12464412 0.13419105 0.11682872]
  [0.13200828 0.13415379 0.11552162 0.11725658]]]
state : 6
eta : 5
pi2 : [[[0.13084284 0.12551461 0.12383053 0.12136402]
  [0.12107928 0.12896936 0.12300673 0.12539263]]

 [[0.12539585 0.12464412 0.13419105 0.11682872]
  [0.13200828 0.13415379 0.11552162 0.11725658]]]
state : 7
eta : 1
pi2 : [[[0.14281811 0.0806372  0.141458   0.13546122]
  [0.13354096 0.0806372  0.14341644 0.14203086]]

 [[0.13719281 0.08016621 0.14450637 0.13649548]
  [0.14040958 0.08016621 0.14069283 0.14037053]]]
state : 7
eta : 5
pi2 : [[[0.14281811 0.0806372  0.141458   0.13546122]
  [0.13354096 0.0806372  0.14341644 0.14203086]]

 [[0.13719281 0.08016621 0.14450637 0.13649548]
  [0.14040958 0.08016621 0.14069283 0.14037053]]]
state : 8
eta : 1
pi2 : [[[0.13046662 0.13494842 0.13334484 0.08882039]
  [0.1581925  0.14300164 0.12832924 0.08289635]]

 [[0.12705028 0.13108456 0.13039615 0.08788124]
  [0.15829936 0.1145103  0.1649561  0.085822  ]]]
state : 8
eta : 5
pi2 : [[[0.13046662 0.13494842 0.13334484 0.08882039]
  [0.1581925  0.14300164 0.12832924 0.08289635]]

 [[0.12705028 0.13108456 0.13039615 0.08788124]
  [0.15829936 0.1145103  0.1649561  0.085822  ]]]
state : 9
eta : 1
pi2 : [[[0.13092356 0.12109828 0.11559573 0.12116573]
  [0.13108898 0.11348827 0.12404501 0.14259443]]

 [[0.12521182 0.11850821 0.11308558 0.12449898]
  [0.12432573 0.13339364 0.13987079 0.12110526]]]
state : 9
eta : 5
pi2 : [[[0.13092356 0.12109828 0.11559573 0.12116573]
  [0.13108898 0.11348827 0.12404501 0.14259443]]

 [[0.12521182 0.11850821 0.11308558 0.12449898]
  [0.12432573 0.13339364 0.13987079 0.12110526]]]
state : 10
eta : 1
pi2 : [[[0.12886844 0.12814804 0.12363486 0.12309862]
  [0.12470389 0.12295754 0.11972017 0.12886844]]

 [[0.12714506 0.12973254 0.11870724 0.13292611]
  [0.12589011 0.12166168 0.12339042 0.12054683]]]
state : 10
eta : 5
pi2 : [[[0.12886844 0.12814804 0.12363486 0.12309862]
  [0.12470389 0.12295754 0.11972017 0.12886844]]

 [[0.12714506 0.12973254 0.11870724 0.13292611]
  [0.12589011 0.12166168 0.12339042 0.12054683]]]
state : 11
eta : 1
pi2 : [[[0.14073769 0.07971686 0.14301025 0.1298752 ]
  [0.14096434 0.07967516 0.14301025 0.14301025]]

 [[0.1425766  0.07831762 0.1425766  0.1425111 ]
  [0.13162828 0.07958182 0.1425766  0.1402314 ]]]
state : 11
eta : 5
pi2 : [[[0.14073769 0.07971686 0.14301025 0.1298752 ]
  [0.14096434 0.07967516 0.14301025 0.14301025]]

 [[0.1425766  0.07831762 0.1425766  0.1425111 ]
  [0.13162828 0.07958182 0.1425766  0.1402314 ]]]
state : 12
eta : 1
pi2 : [[[0.17754845 0.17368872 0.0865713  0.09483317]
  [0.18801808 0.11383702 0.08438483 0.08111844]]

 [[0.11855772 0.10879492 0.10013356 0.08913484]
  [0.16079295 0.25709311 0.07684836 0.08864455]]]
state : 12
eta : 5
pi2 : [[[0.17754845 0.17368872 0.0865713  0.09483317]
  [0.18801808 0.11383702 0.08438483 0.08111844]]

 [[0.11855772 0.10879492 0.10013356 0.08913484]
  [0.16079295 0.25709311 0.07684836 0.08864455]]]
state : 13
eta : 1
pi2 : [[[0.14035817 0.14035817 0.07892548 0.14035817]
  [0.14035817 0.14035817 0.07892548 0.14035817]]

 [[0.14035817 0.14035817 0.07892548 0.14035817]
  [0.14035817 0.14035817 0.07892548 0.14035817]]]
state : 13
eta : 5
pi2 : [[[0.14035817 0.14035817 0.07892548 0.14035817]
  [0.14035817 0.14035817 0.07892548 0.14035817]]

 [[0.14035817 0.14035817 0.07892548 0.14035817]
  [0.14035817 0.14035817 0.07892548 0.14035817]]]
state : 14
eta : 1
pi2 : [[[0.14035817 0.14035817 0.07892548 0.14035817]
  [0.14035817 0.14035817 0.07892548 0.14035817]]

 [[0.14035817 0.14035817 0.07892548 0.14035817]
  [0.14035817 0.14035817 0.07892548 0.14035817]]]
state : 14
eta : 5
pi2 : [[[0.14035817 0.14035817 0.07892548 0.14035817]
  [0.14035817 0.14035817 0.07892548 0.14035817]]

 [[0.14035817 0.14035817 0.07892548 0.14035817]
  [0.14035817 0.14035817 0.07892548 0.14035817]]]
state : 15
eta : 1
pi2 : [[[0.16001897 0.08998103 0.08998103 0.16001897]
  [0.16001897 0.08998103 0.08998103 0.16001897]]

 [[0.16001897 0.08998103 0.08998103 0.16001897]
  [0.16001897 0.08998103 0.08998103 0.16001897]]]
state : 15
eta : 5
pi2 : [[[0.16001897 0.08998103 0.08998103 0.16001897]
  [0.16001897 0.08998103 0.08998103 0.16001897]]

 [[0.16001897 0.08998103 0.08998103 0.16001897]
  [0.16001897 0.08998103 0.08998103 0.16001897]]]
