state : 0
eta : 1
pi2 : [[[0.09665472 0.15544544 0.16120472 0.09483256]
  [0.09447566 0.15355694 0.14625217 0.09757779]]

 [[0.07363198 0.16615033 0.18782564 0.08943007]
  [0.09489247 0.13147458 0.16987884 0.0867161 ]]]
state : 0
eta : 5
pi2 : [[[0.09665472 0.15544544 0.16120472 0.09483256]
  [0.09447566 0.15355694 0.14625217 0.09757779]]

 [[0.07363198 0.16615033 0.18782564 0.08943007]
  [0.09489247 0.13147458 0.16987884 0.0867161 ]]]
state : 1
eta : 1
pi2 : [[[0.0717005  0.13780219 0.1575836  0.13425157]
  [0.0882884  0.13023011 0.1527336  0.12741003]]

 [[0.07587623 0.12878305 0.15943867 0.12802282]
  [0.08144493 0.15436614 0.12572504 0.14634313]]]
state : 1
eta : 5
pi2 : [[[0.0717005  0.13780219 0.1575836  0.13425157]
  [0.0882884  0.13023011 0.1527336  0.12741003]]

 [[0.07587623 0.12878305 0.15943867 0.12802282]
  [0.08144493 0.15436614 0.12572504 0.14634313]]]
state : 2
eta : 1
pi2 : [[[0.08392236 0.13020762 0.15534883 0.13148881]
  [0.07169333 0.14860782 0.14144656 0.13728466]]

 [[0.08210051 0.16040191 0.13612163 0.12778724]
  [0.08266395 0.14363608 0.12229792 0.14499077]]]
state : 2
eta : 5
pi2 : [[[0.08392236 0.13020762 0.15534883 0.13148881]
  [0.07169333 0.14860782 0.14144656 0.13728466]]

 [[0.08210051 0.16040191 0.13612163 0.12778724]
  [0.08266395 0.14363608 0.12229792 0.14499077]]]
state : 3
eta : 1
pi2 : [[[0.09298029 0.09328452 0.16186481 0.15583589]
  [0.08649584 0.08362256 0.16590796 0.16000813]]

 [[0.08612665 0.09483381 0.1652122  0.16661735]
  [0.08801378 0.08837987 0.17111209 0.13970424]]]
state : 3
eta : 5
pi2 : [[[0.09298029 0.09328452 0.16186481 0.15583589]
  [0.08649584 0.08362256 0.16590796 0.16000813]]

 [[0.08612665 0.09483381 0.1652122  0.16661735]
  [0.08801378 0.08837987 0.17111209 0.13970424]]]
state : 4
eta : 1
pi2 : [[[0.12778063 0.14510068 0.14354061 0.08825571]
  [0.1491576  0.15232022 0.11017955 0.083665  ]]

 [[0.13435388 0.1339858  0.13242809 0.07613472]
  [0.15153045 0.1478074  0.14306787 0.0806918 ]]]
state : 4
eta : 5
pi2 : [[[0.12778063 0.14510068 0.14354061 0.08825571]
  [0.1491576  0.15232022 0.11017955 0.083665  ]]

 [[0.13435388 0.1339858  0.13242809 0.07613472]
  [0.15153045 0.1478074  0.14306787 0.0806918 ]]]
state : 5
eta : 1
pi2 : [[[0.1212827  0.12308218 0.13159933 0.1208977 ]
  [0.11788219 0.14070692 0.11865528 0.1258937 ]]

 [[0.11141348 0.13380234 0.13670604 0.12421383]
  [0.11830298 0.12849988 0.13163823 0.11542322]]]
state : 5
eta : 5
pi2 : [[[0.1212827  0.12308218 0.13159933 0.1208977 ]
  [0.11788219 0.14070692 0.11865528 0.1258937 ]]

 [[0.11141348 0.13380234 0.13670604 0.12421383]
  [0.11830298 0.12849988 0.13163823 0.11542322]]]
state : 6
eta : 1
pi2 : [[[0.1316976  0.12610762 0.12839004 0.12166026]
  [0.12308565 0.12227127 0.12831913 0.11846843]]

 [[0.12621337 0.12542366 0.13563376 0.11644114]
  [0.13309424 0.13559181 0.10872456 0.11887746]]]
state : 6
eta : 5
pi2 : [[[0.1316976  0.12610762 0.12839004 0.12166026]
  [0.12308565 0.12227127 0.12831913 0.11846843]]

 [[0.12621337 0.12542366 0.13563376 0.11644114]
  [0.13309424 0.13559181 0.10872456 0.11887746]]]
state : 7
eta : 1
pi2 : [[[0.1361564  0.0813629  0.14461064 0.13451231]
  [0.13476064 0.0813629  0.14516919 0.14206503]]

 [[0.13865483 0.08089693 0.14629055 0.13811764]
  [0.14080135 0.08089693 0.13277449 0.14156729]]]
state : 7
eta : 5
pi2 : [[[0.1361564  0.0813629  0.14461064 0.13451231]
  [0.13476064 0.0813629  0.14516919 0.14206503]]

 [[0.13865483 0.08089693 0.14629055 0.13811764]
  [0.14080135 0.08089693 0.13277449 0.14156729]]]
state : 8
eta : 1
pi2 : [[[0.13652605 0.15615847 0.12591132 0.08525386]
  [0.14944667 0.14578182 0.13114822 0.06977359]]

 [[0.14696083 0.14387458 0.11576545 0.08689035]
  [0.15224004 0.12565422 0.15865053 0.069964  ]]]
state : 8
eta : 5
pi2 : [[[0.13652605 0.15615847 0.12591132 0.08525386]
  [0.14944667 0.14578182 0.13114822 0.06977359]]

 [[0.14696083 0.14387458 0.11576545 0.08689035]
  [0.15224004 0.12565422 0.15865053 0.069964  ]]]
state : 9
eta : 1
pi2 : [[[0.13367685 0.11897024 0.12440096 0.12833278]
  [0.13393547 0.11056492 0.11942836 0.13069042]]

 [[0.12246572 0.11955145 0.1200085  0.12681401]
  [0.13040728 0.11836646 0.12826085 0.13412574]]]
state : 9
eta : 5
pi2 : [[[0.13367685 0.11897024 0.12440096 0.12833278]
  [0.13393547 0.11056492 0.11942836 0.13069042]]

 [[0.12246572 0.11955145 0.1200085  0.12681401]
  [0.13040728 0.11836646 0.12826085 0.13412574]]]
state : 10
eta : 1
pi2 : [[[0.12829309 0.12731467 0.12335016 0.12357974]
  [0.12388566 0.12679596 0.11848763 0.12829309]]

 [[0.12189709 0.13293489 0.11438129 0.13411837]
  [0.12922614 0.12302235 0.12173349 0.12268637]]]
state : 10
eta : 5
pi2 : [[[0.12829309 0.12731467 0.12335016 0.12357974]
  [0.12388566 0.12679596 0.11848763 0.12829309]]

 [[0.12189709 0.13293489 0.11438129 0.13411837]
  [0.12922614 0.12302235 0.12173349 0.12268637]]]
state : 11
eta : 1
pi2 : [[[0.13994141 0.07987726 0.14305788 0.13093648]
  [0.14025139 0.07981983 0.14305788 0.14305788]]

 [[0.13574741 0.07845245 0.1441426  0.14405084]
  [0.13150399 0.08022103 0.1441426  0.14173908]]]
state : 11
eta : 5
pi2 : [[[0.13994141 0.07987726 0.14305788 0.13093648]
  [0.14025139 0.07981983 0.14305788 0.14305788]]

 [[0.13574741 0.07845245 0.1441426  0.14405084]
  [0.13150399 0.08022103 0.1441426  0.14173908]]]
state : 12
eta : 1
pi2 : [[[0.17751137 0.14450097 0.08682016 0.10029209]
  [0.19846197 0.12819306 0.07943719 0.08478319]]

 [[0.11065219 0.09646127 0.09876985 0.08843418]
  [0.20209272 0.23437392 0.07970278 0.0895131 ]]]
state : 12
eta : 5
pi2 : [[[0.17751137 0.14450097 0.08682016 0.10029209]
  [0.19846197 0.12819306 0.07943719 0.08478319]]

 [[0.11065219 0.09646127 0.09876985 0.08843418]
  [0.20209272 0.23437392 0.07970278 0.0895131 ]]]
state : 13
eta : 1
pi2 : [[[0.1403164 0.1403164 0.0790508 0.1403164]
  [0.1403164 0.1403164 0.0790508 0.1403164]]

 [[0.1403164 0.1403164 0.0790508 0.1403164]
  [0.1403164 0.1403164 0.0790508 0.1403164]]]
state : 13
eta : 5
pi2 : [[[0.1403164 0.1403164 0.0790508 0.1403164]
  [0.1403164 0.1403164 0.0790508 0.1403164]]

 [[0.1403164 0.1403164 0.0790508 0.1403164]
  [0.1403164 0.1403164 0.0790508 0.1403164]]]
state : 14
eta : 1
pi2 : [[[0.1403164 0.1403164 0.0790508 0.1403164]
  [0.1403164 0.1403164 0.0790508 0.1403164]]

 [[0.1403164 0.1403164 0.0790508 0.1403164]
  [0.1403164 0.1403164 0.0790508 0.1403164]]]
state : 14
eta : 5
pi2 : [[[0.1403164 0.1403164 0.0790508 0.1403164]
  [0.1403164 0.1403164 0.0790508 0.1403164]]

 [[0.1403164 0.1403164 0.0790508 0.1403164]
  [0.1403164 0.1403164 0.0790508 0.1403164]]]
state : 15
eta : 1
pi2 : [[[0.15991041 0.09008959 0.09008959 0.15991041]
  [0.15991041 0.09008959 0.09008959 0.15991041]]

 [[0.15991041 0.09008959 0.09008959 0.15991041]
  [0.15991041 0.09008959 0.09008959 0.15991041]]]
state : 15
eta : 5
pi2 : [[[0.15991041 0.09008959 0.09008959 0.15991041]
  [0.15991041 0.09008959 0.09008959 0.15991041]]

 [[0.15991041 0.09008959 0.09008959 0.15991041]
  [0.15991041 0.09008959 0.09008959 0.15991041]]]
