state : 0
eta : 1
pi2 : [[[0.09518488 0.166331   0.15419242 0.10042357]
  [0.10066925 0.14650482 0.1403236  0.09637045]]

 [[0.07734121 0.17086199 0.1690759  0.08871362]
  [0.09458608 0.1438787  0.18322571 0.07231678]]]
state : 0
eta : 5
pi2 : [[[0.09518488 0.166331   0.15419242 0.10042357]
  [0.10066925 0.14650482 0.1403236  0.09637045]]

 [[0.07734121 0.17086199 0.1690759  0.08871362]
  [0.09458608 0.1438787  0.18322571 0.07231678]]]
state : 1
eta : 1
pi2 : [[[0.07806685 0.13992642 0.14269823 0.13041496]
  [0.08734146 0.13807982 0.15868416 0.1247881 ]]

 [[0.08146479 0.13729307 0.16039894 0.12290605]
  [0.08118417 0.14489526 0.13448014 0.13737759]]]
state : 1
eta : 5
pi2 : [[[0.07806685 0.13992642 0.14269823 0.13041496]
  [0.08734146 0.13807982 0.15868416 0.1247881 ]]

 [[0.08146479 0.13729307 0.16039894 0.12290605]
  [0.08118417 0.14489526 0.13448014 0.13737759]]]
state : 2
eta : 1
pi2 : [[[0.08290987 0.13289303 0.15199121 0.13118064]
  [0.07380071 0.14363964 0.14471136 0.13887353]]

 [[0.08250094 0.15752134 0.11921492 0.14161095]
  [0.0822497  0.15134022 0.12124299 0.14431895]]]
state : 2
eta : 5
pi2 : [[[0.08290987 0.13289303 0.15199121 0.13118064]
  [0.07380071 0.14363964 0.14471136 0.13887353]]

 [[0.08250094 0.15752134 0.11921492 0.14161095]
  [0.0822497  0.15134022 0.12124299 0.14431895]]]
state : 3
eta : 1
pi2 : [[[0.09242494 0.09153373 0.16136839 0.15977601]
  [0.09027371 0.08610852 0.16455947 0.15395521]]

 [[0.08971464 0.09369936 0.16332064 0.16616089]
  [0.09137918 0.08837643 0.16616821 0.14118066]]]
state : 3
eta : 5
pi2 : [[[0.09242494 0.09153373 0.16136839 0.15977601]
  [0.09027371 0.08610852 0.16455947 0.15395521]]

 [[0.08971464 0.09369936 0.16332064 0.16616089]
  [0.09137918 0.08837643 0.16616821 0.14118066]]]
state : 4
eta : 1
pi2 : [[[0.1251315  0.13811179 0.15541711 0.09349666]
  [0.1595071  0.12184601 0.11793502 0.08855481]]

 [[0.14958335 0.14421681 0.13122788 0.0780449 ]
  [0.14540476 0.13476332 0.13222318 0.08453581]]]
state : 4
eta : 5
pi2 : [[[0.1251315  0.13811179 0.15541711 0.09349666]
  [0.1595071  0.12184601 0.11793502 0.08855481]]

 [[0.14958335 0.14421681 0.13122788 0.0780449 ]
  [0.14540476 0.13476332 0.13222318 0.08453581]]]
state : 5
eta : 1
pi2 : [[[0.113708   0.12474331 0.13298671 0.12144027]
  [0.12410434 0.14505364 0.11750308 0.12046065]]

 [[0.11414038 0.13297054 0.12621736 0.11950241]
  [0.12083617 0.12026507 0.13741224 0.12865584]]]
state : 5
eta : 5
pi2 : [[[0.113708   0.12474331 0.13298671 0.12144027]
  [0.12410434 0.14505364 0.11750308 0.12046065]]

 [[0.11414038 0.13297054 0.12621736 0.11950241]
  [0.12083617 0.12026507 0.13741224 0.12865584]]]
state : 6
eta : 1
pi2 : [[[0.13453233 0.12615526 0.11863529 0.12404238]
  [0.12274902 0.12429569 0.12767816 0.12191188]]

 [[0.12750832 0.12672856 0.1363412  0.10686633]
  [0.13367265 0.13661857 0.1146452  0.11761917]]]
state : 6
eta : 5
pi2 : [[[0.13453233 0.12615526 0.11863529 0.12404238]
  [0.12274902 0.12429569 0.12767816 0.12191188]]

 [[0.12750832 0.12672856 0.1363412  0.10686633]
  [0.13367265 0.13661857 0.1146452  0.11761917]]]
state : 7
eta : 1
pi2 : [[[0.14080508 0.08101334 0.1431983  0.13152852]
  [0.13546141 0.08101334 0.14429106 0.14268896]]

 [[0.14050521 0.08130711 0.14135503 0.13978148]
  [0.14103432 0.07361714 0.13838872 0.14401098]]]
state : 7
eta : 5
pi2 : [[[0.14080508 0.08101334 0.1431983  0.13152852]
  [0.13546141 0.08101334 0.14429106 0.14268896]]

 [[0.14050521 0.08130711 0.14135503 0.13978148]
  [0.14103432 0.07361714 0.13838872 0.14401098]]]
state : 8
eta : 1
pi2 : [[[0.12586377 0.14858001 0.11873571 0.09018568]
  [0.16794407 0.14980614 0.11918941 0.07969523]]

 [[0.11861684 0.1365931  0.13502143 0.08642712]
  [0.15866853 0.12892917 0.15420815 0.08153565]]]
state : 8
eta : 5
pi2 : [[[0.12586377 0.14858001 0.11873571 0.09018568]
  [0.16794407 0.14980614 0.11918941 0.07969523]]

 [[0.11861684 0.1365931  0.13502143 0.08642712]
  [0.15866853 0.12892917 0.15420815 0.08153565]]]
state : 9
eta : 1
pi2 : [[[0.13823307 0.12241466 0.1144612  0.1302305 ]
  [0.12945049 0.10549538 0.11861404 0.14110067]]

 [[0.11798857 0.12675052 0.12047307 0.11575443]
  [0.12917445 0.12471111 0.13354043 0.13160742]]]
state : 9
eta : 5
pi2 : [[[0.13823307 0.12241466 0.1144612  0.1302305 ]
  [0.12945049 0.10549538 0.11861404 0.14110067]]

 [[0.11798857 0.12675052 0.12047307 0.11575443]
  [0.12917445 0.12471111 0.13354043 0.13160742]]]
state : 10
eta : 1
pi2 : [[[0.13003829 0.12899871 0.11260644 0.12491885]
  [0.12519022 0.12751898 0.12069021 0.13003829]]

 [[0.11846388 0.13306829 0.12255055 0.13234544]
  [0.11917505 0.12482764 0.12599354 0.1235756 ]]]
state : 10
eta : 5
pi2 : [[[0.13003829 0.12899871 0.11260644 0.12491885]
  [0.12519022 0.12751898 0.12069021 0.13003829]]

 [[0.11846388 0.13306829 0.12255055 0.13234544]
  [0.11917505 0.12482764 0.12599354 0.1235756 ]]]
state : 11
eta : 1
pi2 : [[[0.1413826  0.07995532 0.14377386 0.1313074 ]
  [0.13990396 0.07612914 0.14377386 0.14377386]]

 [[0.14163401 0.07894891 0.14449555 0.14440394]
  [0.13029552 0.08028601 0.14449555 0.13544051]]]
state : 11
eta : 5
pi2 : [[[0.1413826  0.07995532 0.14377386 0.1313074 ]
  [0.13990396 0.07612914 0.14377386 0.14377386]]

 [[0.14163401 0.07894891 0.14449555 0.14440394]
  [0.13029552 0.08028601 0.14449555 0.13544051]]]
state : 12
eta : 1
pi2 : [[[0.20398527 0.17556476 0.08343676 0.09377456]
  [0.17336921 0.1212544  0.06963836 0.07897667]]

 [[0.11660638 0.08682704 0.08152991 0.09680133]
  [0.1516897  0.29071822 0.08112034 0.09470708]]]
state : 12
eta : 5
pi2 : [[[0.20398527 0.17556476 0.08343676 0.09377456]
  [0.17336921 0.1212544  0.06963836 0.07897667]]

 [[0.11660638 0.08682704 0.08152991 0.09680133]
  [0.1516897  0.29071822 0.08112034 0.09470708]]]
state : 13
eta : 1
pi2 : [[[0.14033283 0.14033283 0.07900151 0.14033283]
  [0.14033283 0.14033283 0.07900151 0.14033283]]

 [[0.14033283 0.14033283 0.07900151 0.14033283]
  [0.14033283 0.14033283 0.07900151 0.14033283]]]
state : 13
eta : 5
pi2 : [[[0.14033283 0.14033283 0.07900151 0.14033283]
  [0.14033283 0.14033283 0.07900151 0.14033283]]

 [[0.14033283 0.14033283 0.07900151 0.14033283]
  [0.14033283 0.14033283 0.07900151 0.14033283]]]
state : 14
eta : 1
pi2 : [[[0.14033283 0.14033283 0.07900151 0.14033283]
  [0.14033283 0.14033283 0.07900151 0.14033283]]

 [[0.14033283 0.14033283 0.07900151 0.14033283]
  [0.14033283 0.14033283 0.07900151 0.14033283]]]
state : 14
eta : 5
pi2 : [[[0.14033283 0.14033283 0.07900151 0.14033283]
  [0.14033283 0.14033283 0.07900151 0.14033283]]

 [[0.14033283 0.14033283 0.07900151 0.14033283]
  [0.14033283 0.14033283 0.07900151 0.14033283]]]
state : 15
eta : 1
pi2 : [[[0.1599531 0.0900469 0.0900469 0.1599531]
  [0.1599531 0.0900469 0.0900469 0.1599531]]

 [[0.1599531 0.0900469 0.0900469 0.1599531]
  [0.1599531 0.0900469 0.0900469 0.1599531]]]
state : 15
eta : 5
pi2 : [[[0.1599531 0.0900469 0.0900469 0.1599531]
  [0.1599531 0.0900469 0.0900469 0.1599531]]

 [[0.1599531 0.0900469 0.0900469 0.1599531]
  [0.1599531 0.0900469 0.0900469 0.1599531]]]
