state : 0
eta : 1
pi2 : [[[0.01311056 0.85401982 0.02252506 0.01561057]
  [0.01783099 0.04472773 0.02154083 0.01063443]]

 [[0.07949041 0.1661908  0.06238108 0.07271078]
  [0.07889594 0.29962361 0.20843896 0.03226842]]]
state : 0
eta : 5
pi2 : [[[0.01311056 0.85401982 0.02252506 0.01561057]
  [0.01783099 0.04472773 0.02154083 0.01063443]]

 [[0.07949041 0.1661908  0.06238108 0.07271078]
  [0.07889594 0.29962361 0.20843896 0.03226842]]]
state : 1
eta : 1
pi2 : [[[0.01661939 0.22473191 0.04250741 0.05544697]
  [0.01844274 0.43517985 0.17914595 0.02792579]]

 [[0.04832099 0.56441863 0.08084396 0.06820009]
  [0.0835669  0.04487949 0.0446645  0.06510544]]]
state : 1
eta : 5
pi2 : [[[0.01661939 0.22473191 0.04250741 0.05544697]
  [0.01844274 0.43517985 0.17914595 0.02792579]]

 [[0.04832099 0.56441863 0.08084396 0.06820009]
  [0.0835669  0.04487949 0.0446645  0.06510544]]]
state : 2
eta : 1
pi2 : [[[0.0268542  0.0836828  0.59362838 0.03403021]
  [0.01453646 0.13616732 0.07546312 0.03563752]]

 [[0.0278404  0.5908728  0.06604766 0.02670224]
  [0.01713025 0.13144534 0.09003173 0.04992959]]]
state : 2
eta : 5
pi2 : [[[0.0268542  0.0836828  0.59362838 0.03403021]
  [0.01453646 0.13616732 0.07546312 0.03563752]]

 [[0.0278404  0.5908728  0.06604766 0.02670224]
  [0.01713025 0.13144534 0.09003173 0.04992959]]]
state : 3
eta : 1
pi2 : [[[0.01994207 0.02309288 0.50856751 0.03427278]
  [0.02053412 0.01468101 0.33742933 0.0414803 ]]

 [[0.07100951 0.05910015 0.36238112 0.07702798]
  [0.05592305 0.06794076 0.23294451 0.07367293]]]
state : 3
eta : 5
pi2 : [[[0.01994207 0.02309288 0.50856751 0.03427278]
  [0.02053412 0.01468101 0.33742933 0.0414803 ]]

 [[0.07100951 0.05910015 0.36238112 0.07702798]
  [0.05592305 0.06794076 0.23294451 0.07367293]]]
state : 4
eta : 1
pi2 : [[[0.01010099 0.96232512 0.00358508 0.00235499]
  [0.00690054 0.00867911 0.00418799 0.00186618]]

 [[0.13134575 0.03154604 0.02277794 0.04274559]
  [0.04065181 0.69129404 0.01654427 0.02309456]]]
state : 4
eta : 5
pi2 : [[[0.01010099 0.96232512 0.00358508 0.00235499]
  [0.00690054 0.00867911 0.00418799 0.00186618]]

 [[0.13134575 0.03154604 0.02277794 0.04274559]
  [0.04065181 0.69129404 0.01654427 0.02309456]]]
state : 5
eta : 1
pi2 : [[[0.01061895 0.95039826 0.00401013 0.00587561]
  [0.0069751  0.01287283 0.00303863 0.00621049]]

 [[0.01898339 0.68255995 0.00954294 0.02038234]
  [0.01236856 0.21829938 0.02175495 0.01610848]]]
state : 5
eta : 5
pi2 : [[[0.01061895 0.95039826 0.00401013 0.00587561]
  [0.0069751  0.01287283 0.00303863 0.00621049]]

 [[0.01898339 0.68255995 0.00954294 0.02038234]
  [0.01236856 0.21829938 0.02175495 0.01610848]]]
state : 6
eta : 1
pi2 : [[[0.00545479 0.84814063 0.00345677 0.00800147]
  [0.0076252  0.1149729  0.00805085 0.00429739]]

 [[0.01616656 0.09156827 0.01276994 0.01470493]
  [0.02377767 0.79983829 0.02670541 0.01446894]]]
state : 6
eta : 5
pi2 : [[[0.00545479 0.84814063 0.00345677 0.00800147]
  [0.0076252  0.1149729  0.00805085 0.00429739]]

 [[0.01616656 0.09156827 0.01276994 0.01470493]
  [0.02377767 0.79983829 0.02670541 0.01446894]]]
state : 7
eta : 1
pi2 : [[[0.00217037 0.0011778  0.96982489 0.00268319]
  [0.0020929  0.00122463 0.01893351 0.00189272]]

 [[0.00666556 0.00801497 0.91712684 0.00773326]
  [0.00607339 0.00776736 0.04062632 0.00599229]]]
state : 7
eta : 5
pi2 : [[[0.00217037 0.0011778  0.96982489 0.00268319]
  [0.0020929  0.00122463 0.01893351 0.00189272]]

 [[0.00666556 0.00801497 0.91712684 0.00773326]
  [0.00607339 0.00776736 0.04062632 0.00599229]]]
state : 8
eta : 1
pi2 : [[[9.65298343e-01 2.17447744e-03 3.61816927e-03 1.20902765e-03]
  [1.90776888e-02 6.23290742e-03 1.59396020e-03 7.95426578e-04]]

 [[1.16046178e-01 1.30635176e-01 1.01480570e-01 4.74224861e-02]
  [3.16314320e-01 2.02616824e-01 3.24897688e-02 5.29946771e-02]]]
state : 8
eta : 5
pi2 : [[[9.65298343e-01 2.17447744e-03 3.61816927e-03 1.20902765e-03]
  [1.90776888e-02 6.23290742e-03 1.59396020e-03 7.95426578e-04]]

 [[1.16046178e-01 1.30635176e-01 1.01480570e-01 4.74224861e-02]
  [3.16314320e-01 2.02616824e-01 3.24897688e-02 5.29946771e-02]]]
state : 9
eta : 1
pi2 : [[[0.05529141 0.06985946 0.01417044 0.04150043]
  [0.67113043 0.08597132 0.01830395 0.04377258]]

 [[0.22490606 0.11828654 0.05121246 0.06550015]
  [0.12083363 0.30817045 0.06163558 0.04945514]]]
state : 9
eta : 5
pi2 : [[[0.05529141 0.06985946 0.01417044 0.04150043]
  [0.67113043 0.08597132 0.01830395 0.04377258]]

 [[0.22490606 0.11828654 0.05121246 0.06550015]
  [0.12083363 0.30817045 0.06163558 0.04945514]]]
state : 10
eta : 1
pi2 : [[[0.17116497 0.22819542 0.02920277 0.06536839]
  [0.15774854 0.29481071 0.02309042 0.03041877]]

 [[0.11473061 0.44819178 0.0392381  0.03893302]
  [0.15212275 0.13939463 0.03456558 0.03282353]]]
state : 10
eta : 5
pi2 : [[[0.17116497 0.22819542 0.02920277 0.06536839]
  [0.15774854 0.29481071 0.02309042 0.03041877]]

 [[0.11473061 0.44819178 0.0392381  0.03893302]
  [0.15212275 0.13939463 0.03456558 0.03282353]]]
state : 11
eta : 1
pi2 : [[[1.61517531e-03 8.22122035e-04 9.86797926e-01 5.54478924e-04]
  [1.17172855e-03 7.66814329e-04 7.57464001e-03 6.97114918e-04]]

 [[1.27292197e-02 8.17023948e-03 8.79486912e-01 3.97834820e-03]
  [9.45979319e-03 8.81298301e-03 7.05162114e-02 6.84629256e-03]]]
state : 11
eta : 5
pi2 : [[[1.61517531e-03 8.22122035e-04 9.86797926e-01 5.54478924e-04]
  [1.17172855e-03 7.66814329e-04 7.57464001e-03 6.97114918e-04]]

 [[1.27292197e-02 8.17023948e-03 8.79486912e-01 3.97834820e-03]
  [9.45979319e-03 8.81298301e-03 7.05162114e-02 6.84629256e-03]]]
state : 12
eta : 1
pi2 : [[[0.97267275 0.00208648 0.00303924 0.00930675]
  [0.00216677 0.00260829 0.0021362  0.00598352]]

 [[0.05435156 0.01592194 0.13767863 0.02378425]
  [0.63203069 0.05764443 0.02706813 0.05152036]]]
state : 12
eta : 5
pi2 : [[[0.97267275 0.00208648 0.00303924 0.00930675]
  [0.00216677 0.00260829 0.0021362  0.00598352]]

 [[0.05435156 0.01592194 0.13767863 0.02378425]
  [0.63203069 0.05764443 0.02706813 0.05152036]]]
state : 13
eta : 1
pi2 : [[[0.140527 0.140527 0.078419 0.140527]
  [0.140527 0.140527 0.078419 0.140527]]

 [[0.140527 0.140527 0.078419 0.140527]
  [0.140527 0.140527 0.078419 0.140527]]]
state : 13
eta : 5
pi2 : [[[0.140527 0.140527 0.078419 0.140527]
  [0.140527 0.140527 0.078419 0.140527]]

 [[0.140527 0.140527 0.078419 0.140527]
  [0.140527 0.140527 0.078419 0.140527]]]
state : 14
eta : 1
pi2 : [[[0.140527 0.140527 0.078419 0.140527]
  [0.140527 0.140527 0.078419 0.140527]]

 [[0.140527 0.140527 0.078419 0.140527]
  [0.140527 0.140527 0.078419 0.140527]]]
state : 14
eta : 5
pi2 : [[[0.140527 0.140527 0.078419 0.140527]
  [0.140527 0.140527 0.078419 0.140527]]

 [[0.140527 0.140527 0.078419 0.140527]
  [0.140527 0.140527 0.078419 0.140527]]]
state : 15
eta : 1
pi2 : [[[0.16045851 0.08954149 0.08954149 0.16045851]
  [0.16045851 0.08954149 0.08954149 0.16045851]]

 [[0.16045851 0.08954149 0.08954149 0.16045851]
  [0.16045851 0.08954149 0.08954149 0.16045851]]]
state : 15
eta : 5
pi2 : [[[0.16045851 0.08954149 0.08954149 0.16045851]
  [0.16045851 0.08954149 0.08954149 0.16045851]]

 [[0.16045851 0.08954149 0.08954149 0.16045851]
  [0.16045851 0.08954149 0.08954149 0.16045851]]]
