state : 0
eta : 1
pi2 : [[[0.01311056 0.85401982 0.02252506 0.01561057]
  [0.01783099 0.04472773 0.02154083 0.01063443]]

 [[0.07949041 0.1661908  0.06238108 0.07271078]
  [0.07889594 0.29962361 0.20843896 0.03226842]]]
state : 0
eta : 5
pi2 : [[[0.01311056 0.85401982 0.02252506 0.01561057]
  [0.01783099 0.04472773 0.02154083 0.01063443]]

 [[0.07949041 0.1661908  0.06238108 0.07271078]
  [0.07889594 0.29962361 0.20843896 0.03226842]]]
state : 1
eta : 1
pi2 : [[[0.01661935 0.22473083 0.0425073  0.05544682]
  [0.0184427  0.43518209 0.17914519 0.02792572]]

 [[0.04832179 0.56441663 0.08084419 0.0682003 ]
  [0.08356715 0.04487964 0.04466465 0.06510564]]]
state : 1
eta : 5
pi2 : [[[0.01661935 0.22473083 0.0425073  0.05544682]
  [0.0184427  0.43518209 0.17914519 0.02792572]]

 [[0.04832179 0.56441663 0.08084419 0.0682003 ]
  [0.08356715 0.04487964 0.04466465 0.06510564]]]
state : 2
eta : 1
pi2 : [[[0.0268542  0.0836828  0.59362836 0.03403021]
  [0.01453646 0.13616732 0.07546313 0.03563752]]

 [[0.02784047 0.59087066 0.06604779 0.0267023 ]
  [0.0171303  0.13144691 0.09003188 0.0499297 ]]]
state : 2
eta : 5
pi2 : [[[0.0268542  0.0836828  0.59362836 0.03403021]
  [0.01453646 0.13616732 0.07546313 0.03563752]]

 [[0.02784047 0.59087066 0.06604779 0.0267023 ]
  [0.0171303  0.13144691 0.09003188 0.0499297 ]]]
state : 3
eta : 1
pi2 : [[[0.01994207 0.02309288 0.50856751 0.03427278]
  [0.02053412 0.01468101 0.33742933 0.0414803 ]]

 [[0.07100951 0.05910015 0.36237927 0.07702797]
  [0.05592306 0.06794076 0.23294635 0.07367293]]]
state : 3
eta : 5
pi2 : [[[0.01994207 0.02309288 0.50856751 0.03427278]
  [0.02053412 0.01468101 0.33742933 0.0414803 ]]

 [[0.07100951 0.05910015 0.36237927 0.07702797]
  [0.05592306 0.06794076 0.23294635 0.07367293]]]
state : 4
eta : 1
pi2 : [[[0.01010141 0.96232366 0.0035852  0.00235507]
  [0.00690081 0.00867946 0.00418814 0.00186625]]

 [[0.13134575 0.03154604 0.02277794 0.04274559]
  [0.04065181 0.69129404 0.01654427 0.02309456]]]
state : 4
eta : 5
pi2 : [[[0.01010141 0.96232366 0.0035852  0.00235507]
  [0.00690081 0.00867946 0.00418814 0.00186625]]

 [[0.13134575 0.03154604 0.02277794 0.04274559]
  [0.04065181 0.69129404 0.01654427 0.02309456]]]
state : 5
eta : 1
pi2 : [[[0.01061982 0.95039411 0.00401043 0.00587616]
  [0.00697575 0.0128739  0.00303886 0.00621097]]

 [[0.01898339 0.68255995 0.00954294 0.02038234]
  [0.01236856 0.21829938 0.02175495 0.01610848]]]
state : 5
eta : 5
pi2 : [[[0.01061982 0.95039411 0.00401043 0.00587616]
  [0.00697575 0.0128739  0.00303886 0.00621097]]

 [[0.01898339 0.68255995 0.00954294 0.02038234]
  [0.01236856 0.21829938 0.02175495 0.01610848]]]
state : 6
eta : 1
pi2 : [[[0.0054485  0.8485019  0.00345278 0.00799227]
  [0.00761643 0.11465411 0.00804159 0.00429243]]

 [[0.01616656 0.09156827 0.01276994 0.01470493]
  [0.02377767 0.79983828 0.02670541 0.01446894]]]
state : 6
eta : 5
pi2 : [[[0.0054485  0.8485019  0.00345278 0.00799227]
  [0.00761643 0.11465411 0.00804159 0.00429243]]

 [[0.01616656 0.09156827 0.01276994 0.01470493]
  [0.02377767 0.79983828 0.02670541 0.01446894]]]
state : 7
eta : 1
pi2 : [[[0.00217033 0.00117778 0.96982565 0.00268313]
  [0.00209284 0.0012246  0.01893299 0.00189268]]

 [[0.00666584 0.00801531 0.91712265 0.00773359]
  [0.00607365 0.00776769 0.04062873 0.00599254]]]
state : 7
eta : 5
pi2 : [[[0.00217033 0.00117778 0.96982565 0.00268313]
  [0.00209284 0.0012246  0.01893299 0.00189268]]

 [[0.00666584 0.00801531 0.91712265 0.00773359]
  [0.00607365 0.00776769 0.04062873 0.00599254]]]
state : 8
eta : 1
pi2 : [[[9.65296877e-01 2.17454893e-03 3.61829417e-03 1.20906632e-03]
  [1.90786140e-02 6.23313570e-03 1.59401174e-03 7.95451712e-04]]

 [[1.16046178e-01 1.30635176e-01 1.01480570e-01 4.74224861e-02]
  [3.16314320e-01 2.02616824e-01 3.24897688e-02 5.29946771e-02]]]
state : 8
eta : 5
pi2 : [[[9.65296877e-01 2.17454893e-03 3.61829417e-03 1.20906632e-03]
  [1.90786140e-02 6.23313570e-03 1.59401174e-03 7.95451712e-04]]

 [[1.16046178e-01 1.30635176e-01 1.01480570e-01 4.74224861e-02]
  [3.16314320e-01 2.02616824e-01 3.24897688e-02 5.29946771e-02]]]
state : 9
eta : 1
pi2 : [[[0.05529141 0.06985946 0.01417044 0.04150043]
  [0.67113043 0.08597132 0.01830395 0.04377258]]

 [[0.22490606 0.11828654 0.05121246 0.06550015]
  [0.12083363 0.30817045 0.06163558 0.04945514]]]
state : 9
eta : 5
pi2 : [[[0.05529141 0.06985946 0.01417044 0.04150043]
  [0.67113043 0.08597132 0.01830395 0.04377258]]

 [[0.22490606 0.11828654 0.05121246 0.06550015]
  [0.12083363 0.30817045 0.06163558 0.04945514]]]
state : 10
eta : 1
pi2 : [[[0.17116497 0.22819542 0.02920277 0.06536839]
  [0.15774854 0.29481071 0.02309042 0.03041877]]

 [[0.11473066 0.44819135 0.0392383  0.03893305]
  [0.15212279 0.13939468 0.03456561 0.03282355]]]
state : 10
eta : 5
pi2 : [[[0.17116497 0.22819542 0.02920277 0.06536839]
  [0.15774854 0.29481071 0.02309042 0.03041877]]

 [[0.11473066 0.44819135 0.0392383  0.03893305]
  [0.15212279 0.13939468 0.03456561 0.03282355]]]
state : 11
eta : 1
pi2 : [[[1.61515452e-03 8.22119874e-04 9.86797968e-01 5.54477452e-04]
  [1.17172551e-03 7.66812309e-04 7.57462520e-03 6.97117436e-04]]

 [[1.27292197e-02 8.17023948e-03 8.79486912e-01 3.97834820e-03]
  [9.45979319e-03 8.81298301e-03 7.05162114e-02 6.84629256e-03]]]
state : 11
eta : 5
pi2 : [[[1.61515452e-03 8.22119874e-04 9.86797968e-01 5.54477452e-04]
  [1.17172551e-03 7.66812309e-04 7.57462520e-03 6.97117436e-04]]

 [[1.27292197e-02 8.17023948e-03 8.79486912e-01 3.97834820e-03]
  [9.45979319e-03 8.81298301e-03 7.05162114e-02 6.84629256e-03]]]
state : 12
eta : 1
pi2 : [[[0.97267019 0.00208665 0.0030395  0.00930772]
  [0.00216696 0.00260851 0.00213638 0.00598408]]

 [[0.05435156 0.01592194 0.13767863 0.02378425]
  [0.63203069 0.05764443 0.02706813 0.05152036]]]
state : 12
eta : 5
pi2 : [[[0.97267019 0.00208665 0.0030395  0.00930772]
  [0.00216696 0.00260851 0.00213638 0.00598408]]

 [[0.05435156 0.01592194 0.13767863 0.02378425]
  [0.63203069 0.05764443 0.02706813 0.05152036]]]
state : 13
eta : 1
pi2 : [[[0.140527 0.140527 0.078419 0.140527]
  [0.140527 0.140527 0.078419 0.140527]]

 [[0.140527 0.140527 0.078419 0.140527]
  [0.140527 0.140527 0.078419 0.140527]]]
state : 13
eta : 5
pi2 : [[[0.140527 0.140527 0.078419 0.140527]
  [0.140527 0.140527 0.078419 0.140527]]

 [[0.140527 0.140527 0.078419 0.140527]
  [0.140527 0.140527 0.078419 0.140527]]]
state : 14
eta : 1
pi2 : [[[0.140527 0.140527 0.078419 0.140527]
  [0.140527 0.140527 0.078419 0.140527]]

 [[0.140527 0.140527 0.078419 0.140527]
  [0.140527 0.140527 0.078419 0.140527]]]
state : 14
eta : 5
pi2 : [[[0.140527 0.140527 0.078419 0.140527]
  [0.140527 0.140527 0.078419 0.140527]]

 [[0.140527 0.140527 0.078419 0.140527]
  [0.140527 0.140527 0.078419 0.140527]]]
state : 15
eta : 1
pi2 : [[[0.16045851 0.08954149 0.08954149 0.16045851]
  [0.16045851 0.08954149 0.08954149 0.16045851]]

 [[0.16045851 0.08954149 0.08954149 0.16045851]
  [0.16045851 0.08954149 0.08954149 0.16045851]]]
state : 15
eta : 5
pi2 : [[[0.16045851 0.08954149 0.08954149 0.16045851]
  [0.16045851 0.08954149 0.08954149 0.16045851]]

 [[0.16045851 0.08954149 0.08954149 0.16045851]
  [0.16045851 0.08954149 0.08954149 0.16045851]]]
