state : 0
eta : 1
pi2 : [[[0.0496115  0.29161962 0.11050086 0.07929704]
  [0.0492458  0.27613653 0.07273359 0.07085507]]

 [[0.03819137 0.15521665 0.09090994 0.04732931]
  [0.05211861 0.42948567 0.14973351 0.03701494]]]
state : 0
eta : 5
pi2 : [[[0.0496115  0.29161962 0.11050086 0.07929704]
  [0.0492458  0.27613653 0.07273359 0.07085507]]

 [[0.03819137 0.15521665 0.09090994 0.04732931]
  [0.05211861 0.42948567 0.14973351 0.03701494]]]
state : 1
eta : 1
pi2 : [[[0.04876156 0.17386198 0.03942758 0.04261489]
  [0.03342314 0.5297944  0.06522675 0.06688968]]

 [[0.04266669 0.28147039 0.07477995 0.04956664]
  [0.04318387 0.37127957 0.07286688 0.06418602]]]
state : 1
eta : 5
pi2 : [[[0.04876156 0.17386198 0.03942758 0.04261489]
  [0.03342314 0.5297944  0.06522675 0.06688968]]

 [[0.04266669 0.28147039 0.07477995 0.04956664]
  [0.04318387 0.37127957 0.07286688 0.06418602]]]
state : 2
eta : 1
pi2 : [[[0.04537442 0.09133086 0.14492331 0.0419419 ]
  [0.02557678 0.4379271  0.16847502 0.04445061]]

 [[0.03876507 0.35244269 0.14955857 0.04211433]
  [0.04448035 0.21319338 0.10993379 0.04951182]]]
state : 2
eta : 5
pi2 : [[[0.04537442 0.09133086 0.14492331 0.0419419 ]
  [0.02557678 0.4379271  0.16847502 0.04445061]]

 [[0.03876507 0.35244269 0.14955857 0.04211433]
  [0.04448035 0.21319338 0.10993379 0.04951182]]]
state : 3
eta : 1
pi2 : [[[0.05007871 0.0462544  0.57303446 0.07099447]
  [0.05622479 0.04066917 0.10621097 0.05653305]]

 [[0.03754256 0.03944145 0.55295717 0.06473609]
  [0.02900372 0.03377193 0.18721734 0.05532974]]]
state : 3
eta : 5
pi2 : [[[0.05007871 0.0462544  0.57303446 0.07099447]
  [0.05622479 0.04066917 0.10621097 0.05653305]]

 [[0.03754256 0.03944145 0.55295717 0.06473609]
  [0.02900372 0.03377193 0.18721734 0.05532974]]]
state : 4
eta : 1
pi2 : [[[0.01340573 0.04316972 0.00565352 0.00700208]
  [0.01228432 0.90662641 0.00662717 0.00523105]]

 [[0.14592351 0.12093755 0.0751175  0.08483069]
  [0.12248805 0.2827581  0.11148829 0.05645632]]]
state : 4
eta : 5
pi2 : [[[0.01340573 0.04316972 0.00565352 0.00700208]
  [0.01228432 0.90662641 0.00662717 0.00523105]]

 [[0.14592351 0.12093755 0.0751175  0.08483069]
  [0.12248805 0.2827581  0.11148829 0.05645632]]]
state : 5
eta : 1
pi2 : [[[0.07313437 0.52787044 0.022153   0.046735  ]
  [0.08518709 0.18383964 0.02065848 0.04042197]]

 [[0.01388676 0.06881694 0.00538452 0.00795101]
  [0.01130957 0.87902698 0.00551299 0.00811123]]]
state : 5
eta : 5
pi2 : [[[0.07313437 0.52787044 0.022153   0.046735  ]
  [0.08518709 0.18383964 0.02065848 0.04042197]]

 [[0.01388676 0.06881694 0.00538452 0.00795101]
  [0.01130957 0.87902698 0.00551299 0.00811123]]]
state : 6
eta : 1
pi2 : [[[0.02773121 0.38631234 0.01269957 0.01498662]
  [0.0303237  0.49194884 0.01628147 0.01971625]]

 [[0.01378484 0.75190071 0.00687078 0.00823654]
  [0.01769181 0.18496733 0.00617772 0.01037027]]]
state : 6
eta : 5
pi2 : [[[0.02773121 0.38631234 0.01269957 0.01498662]
  [0.0303237  0.49194884 0.01628147 0.01971625]]

 [[0.01378484 0.75190071 0.00687078 0.00823654]
  [0.01769181 0.18496733 0.00617772 0.01037027]]]
state : 7
eta : 1
pi2 : [[[0.00592992 0.00606636 0.93240239 0.00510819]
  [0.00621243 0.00619557 0.0329648  0.00512033]]

 [[0.02651386 0.02356697 0.30220449 0.02039177]
  [0.01988391 0.02432049 0.56759126 0.01552726]]]
state : 7
eta : 5
pi2 : [[[0.00592992 0.00606636 0.93240239 0.00510819]
  [0.00621243 0.00619557 0.0329648  0.00512033]]

 [[0.02651386 0.02356697 0.30220449 0.02039177]
  [0.01988391 0.02432049 0.56759126 0.01552726]]]
state : 8
eta : 1
pi2 : [[[0.55361378 0.03823226 0.06138717 0.03500446]
  [0.16262842 0.04757403 0.03457739 0.06698248]]

 [[0.95882708 0.00438589 0.00546431 0.00590419]
  [0.00986211 0.00400186 0.00501232 0.00654223]]]
state : 8
eta : 5
pi2 : [[[0.55361378 0.03823226 0.06138717 0.03500446]
  [0.16262842 0.04757403 0.03457739 0.06698248]]

 [[0.95882708 0.00438589 0.00546431 0.00590419]
  [0.00986211 0.00400186 0.00501232 0.00654223]]]
state : 9
eta : 1
pi2 : [[[0.13900681 0.1596421  0.09494935 0.12178232]
  [0.11108861 0.15824773 0.09915753 0.11612555]]

 [[0.20260184 0.09294779 0.05573347 0.1586926 ]
  [0.16445398 0.08249071 0.10721182 0.13586779]]]
state : 9
eta : 5
pi2 : [[[0.13900681 0.1596421  0.09494935 0.12178232]
  [0.11108861 0.15824773 0.09915753 0.11612555]]

 [[0.20260184 0.09294779 0.05573347 0.1586926 ]
  [0.16445398 0.08249071 0.10721182 0.13586779]]]
state : 10
eta : 1
pi2 : [[[0.11239204 0.27327046 0.06553622 0.1074958 ]
  [0.0920065  0.17903016 0.08891629 0.08135252]]

 [[0.10099419 0.31899985 0.09295812 0.06018308]
  [0.0872245  0.21704615 0.05912018 0.06347392]]]
state : 10
eta : 5
pi2 : [[[0.11239204 0.27327046 0.06553622 0.1074958 ]
  [0.0920065  0.17903016 0.08891629 0.08135252]]

 [[0.10099419 0.31899985 0.09295812 0.06018308]
  [0.0872245  0.21704615 0.05912018 0.06347392]]]
state : 11
eta : 1
pi2 : [[[0.00859638 0.00770283 0.48077396 0.0028727 ]
  [0.00884119 0.00725767 0.48077396 0.00318131]]

 [[0.01716252 0.01407208 0.46126786 0.00658797]
  [0.01675473 0.01657446 0.46126786 0.00631252]]]
state : 11
eta : 5
pi2 : [[[0.00859638 0.00770283 0.48077396 0.0028727 ]
  [0.00884119 0.00725767 0.48077396 0.00318131]]

 [[0.01716252 0.01407208 0.46126786 0.00658797]
  [0.01675473 0.01657446 0.46126786 0.00631252]]]
state : 12
eta : 1
pi2 : [[[0.01893442 0.0129397  0.02035568 0.01132251]
  [0.90102925 0.01751139 0.00959517 0.00831188]]

 [[0.06689532 0.01335127 0.01538206 0.01255944]
  [0.84905531 0.01353397 0.01404695 0.01517567]]]
state : 12
eta : 5
pi2 : [[[0.01893442 0.0129397  0.02035568 0.01132251]
  [0.90102925 0.01751139 0.00959517 0.00831188]]

 [[0.06689532 0.01335127 0.01538206 0.01255944]
  [0.84905531 0.01353397 0.01404695 0.01517567]]]
state : 13
eta : 1
pi2 : [[[0.140527 0.140527 0.078419 0.140527]
  [0.140527 0.140527 0.078419 0.140527]]

 [[0.140527 0.140527 0.078419 0.140527]
  [0.140527 0.140527 0.078419 0.140527]]]
state : 13
eta : 5
pi2 : [[[0.140527 0.140527 0.078419 0.140527]
  [0.140527 0.140527 0.078419 0.140527]]

 [[0.140527 0.140527 0.078419 0.140527]
  [0.140527 0.140527 0.078419 0.140527]]]
state : 14
eta : 1
pi2 : [[[0.140527 0.140527 0.078419 0.140527]
  [0.140527 0.140527 0.078419 0.140527]]

 [[0.140527 0.140527 0.078419 0.140527]
  [0.140527 0.140527 0.078419 0.140527]]]
state : 14
eta : 5
pi2 : [[[0.140527 0.140527 0.078419 0.140527]
  [0.140527 0.140527 0.078419 0.140527]]

 [[0.140527 0.140527 0.078419 0.140527]
  [0.140527 0.140527 0.078419 0.140527]]]
state : 15
eta : 1
pi2 : [[[0.16045851 0.08954149 0.08954149 0.16045851]
  [0.16045851 0.08954149 0.08954149 0.16045851]]

 [[0.16045851 0.08954149 0.08954149 0.16045851]
  [0.16045851 0.08954149 0.08954149 0.16045851]]]
state : 15
eta : 5
pi2 : [[[0.16045851 0.08954149 0.08954149 0.16045851]
  [0.16045851 0.08954149 0.08954149 0.16045851]]

 [[0.16045851 0.08954149 0.08954149 0.16045851]
  [0.16045851 0.08954149 0.08954149 0.16045851]]]
