state : 0
eta : 1
pi2 : [[[0.04961149 0.29161957 0.11050085 0.07929704]
  [0.0492458  0.27613661 0.07273358 0.07085506]]

 [[0.03819137 0.15521665 0.09090994 0.04732931]
  [0.05211861 0.42948567 0.14973351 0.03701494]]]
state : 0
eta : 5
pi2 : [[[0.04961149 0.29161957 0.11050085 0.07929704]
  [0.0492458  0.27613661 0.07273358 0.07085506]]

 [[0.03819137 0.15521665 0.09090994 0.04732931]
  [0.05211861 0.42948567 0.14973351 0.03701494]]]
state : 1
eta : 1
pi2 : [[[0.04876156 0.17386198 0.03942758 0.04261489]
  [0.03342314 0.5297944  0.06522675 0.06688968]]

 [[0.04266669 0.28147035 0.07477994 0.04956663]
  [0.04318386 0.37127964 0.07286688 0.06418602]]]
state : 1
eta : 5
pi2 : [[[0.04876156 0.17386198 0.03942758 0.04261489]
  [0.03342314 0.5297944  0.06522675 0.06688968]]

 [[0.04266669 0.28147035 0.07477994 0.04956663]
  [0.04318386 0.37127964 0.07286688 0.06418602]]]
state : 2
eta : 1
pi2 : [[[0.04537446 0.09133088 0.14492504 0.04194193]
  [0.02557681 0.43792534 0.1684749  0.04445065]]

 [[0.03876507 0.35244274 0.14955856 0.04211433]
  [0.04448035 0.21319336 0.10993378 0.04951181]]]
state : 2
eta : 5
pi2 : [[[0.04537446 0.09133088 0.14492504 0.04194193]
  [0.02557681 0.43792534 0.1684749  0.04445065]]

 [[0.03876507 0.35244274 0.14955856 0.04211433]
  [0.04448035 0.21319336 0.10993378 0.04951181]]]
state : 3
eta : 1
pi2 : [[[0.0500787  0.0462544  0.57303448 0.07099447]
  [0.05622478 0.04066917 0.10621096 0.05653304]]

 [[0.03754238 0.03944125 0.55296    0.06473574]
  [0.02900358 0.03377176 0.18721584 0.05532945]]]
state : 3
eta : 5
pi2 : [[[0.0500787  0.0462544  0.57303448 0.07099447]
  [0.05622478 0.04066917 0.10621096 0.05653304]]

 [[0.03754238 0.03944125 0.55296    0.06473574]
  [0.02900358 0.03377176 0.18721584 0.05532945]]]
state : 4
eta : 1
pi2 : [[[0.01340423 0.04316338 0.00565294 0.00700134]
  [0.01228296 0.90663816 0.00662648 0.00523051]]

 [[0.14592358 0.12093754 0.0751175  0.08483069]
  [0.12248804 0.28275806 0.11148828 0.05645632]]]
state : 4
eta : 5
pi2 : [[[0.01340423 0.04316338 0.00565294 0.00700134]
  [0.01228296 0.90663816 0.00662648 0.00523051]]

 [[0.14592358 0.12093754 0.0751175  0.08483069]
  [0.12248804 0.28275806 0.11148828 0.05645632]]]
state : 5
eta : 1
pi2 : [[[0.07313437 0.52787044 0.022153   0.046735  ]
  [0.08518709 0.18383964 0.02065848 0.04042197]]

 [[0.01388533 0.06880648 0.005384   0.00795024]
  [0.01130843 0.87904261 0.00551247 0.00811044]]]
state : 5
eta : 5
pi2 : [[[0.07313437 0.52787044 0.022153   0.046735  ]
  [0.08518709 0.18383964 0.02065848 0.04042197]]

 [[0.01388533 0.06880648 0.005384   0.00795024]
  [0.01130843 0.87904261 0.00551247 0.00811044]]]
state : 6
eta : 1
pi2 : [[[0.0277313  0.38631229 0.01269962 0.01498667]
  [0.03032381 0.49194827 0.01628153 0.01971651]]

 [[0.01378421 0.75192503 0.00687039 0.00823608]
  [0.0176907  0.18494654 0.00617738 0.01036966]]]
state : 6
eta : 5
pi2 : [[[0.0277313  0.38631229 0.01269962 0.01498667]
  [0.03032381 0.49194827 0.01628153 0.01971651]]

 [[0.01378421 0.75192503 0.00687039 0.00823608]
  [0.0176907  0.18494654 0.00617738 0.01036966]]]
state : 7
eta : 1
pi2 : [[[0.00592981 0.00606625 0.93240386 0.0051081 ]
  [0.00621229 0.00619545 0.032964   0.00512024]]

 [[0.02651419 0.02356727 0.30220515 0.02039204]
  [0.01988486 0.02432079 0.56758825 0.01552746]]]
state : 7
eta : 5
pi2 : [[[0.00592981 0.00606625 0.93240386 0.0051081 ]
  [0.00621229 0.00619545 0.032964   0.00512024]]

 [[0.02651419 0.02356727 0.30220515 0.02039204]
  [0.01988486 0.02432079 0.56758825 0.01552746]]]
state : 8
eta : 1
pi2 : [[[0.553609   0.03823259 0.06138776 0.03500477]
  [0.16263058 0.04757447 0.03457769 0.06698314]]

 [[0.95882985 0.00438561 0.00546395 0.0059038 ]
  [0.0098614  0.00400161 0.005012   0.00654179]]]
state : 8
eta : 5
pi2 : [[[0.553609   0.03823259 0.06138776 0.03500477]
  [0.16263058 0.04757447 0.03457769 0.06698314]]

 [[0.95882985 0.00438561 0.00546395 0.0059038 ]
  [0.0098614  0.00400161 0.005012   0.00654179]]]
state : 9
eta : 1
pi2 : [[[0.13900681 0.1596421  0.09494935 0.12178232]
  [0.11108861 0.15824773 0.09915753 0.11612555]]

 [[0.20260184 0.09294779 0.05573347 0.1586926 ]
  [0.16445398 0.08249071 0.10721182 0.13586779]]]
state : 9
eta : 5
pi2 : [[[0.13900681 0.1596421  0.09494935 0.12178232]
  [0.11108861 0.15824773 0.09915753 0.11612555]]

 [[0.20260184 0.09294779 0.05573347 0.1586926 ]
  [0.16445398 0.08249071 0.10721182 0.13586779]]]
state : 10
eta : 1
pi2 : [[[0.11239204 0.27327046 0.06553622 0.1074958 ]
  [0.0920065  0.17903016 0.08891629 0.08135252]]

 [[0.10099419 0.31899985 0.09295812 0.06018308]
  [0.0872245  0.21704615 0.05912018 0.06347392]]]
state : 10
eta : 5
pi2 : [[[0.11239204 0.27327046 0.06553622 0.1074958 ]
  [0.0920065  0.17903016 0.08891629 0.08135252]]

 [[0.10099419 0.31899985 0.09295812 0.06018308]
  [0.0872245  0.21704615 0.05912018 0.06347392]]]
state : 11
eta : 1
pi2 : [[[0.00859638 0.00770283 0.48077396 0.0028727 ]
  [0.00884119 0.00725767 0.48077396 0.00318131]]

 [[0.01716252 0.01407208 0.46126786 0.00658797]
  [0.01675473 0.01657446 0.46126786 0.00631252]]]
state : 11
eta : 5
pi2 : [[[0.00859638 0.00770283 0.48077396 0.0028727 ]
  [0.00884119 0.00725767 0.48077396 0.00318131]]

 [[0.01716252 0.01407208 0.46126786 0.00658797]
  [0.01675473 0.01657446 0.46126786 0.00631252]]]
state : 12
eta : 1
pi2 : [[[0.01893442 0.0129397  0.02035568 0.01132251]
  [0.90102925 0.01751139 0.00959517 0.00831188]]

 [[0.0668904  0.01335087 0.01538161 0.01255907]
  [0.84906273 0.01353357 0.01404654 0.01517522]]]
state : 12
eta : 5
pi2 : [[[0.01893442 0.0129397  0.02035568 0.01132251]
  [0.90102925 0.01751139 0.00959517 0.00831188]]

 [[0.0668904  0.01335087 0.01538161 0.01255907]
  [0.84906273 0.01353357 0.01404654 0.01517522]]]
state : 13
eta : 1
pi2 : [[[0.140527 0.140527 0.078419 0.140527]
  [0.140527 0.140527 0.078419 0.140527]]

 [[0.140527 0.140527 0.078419 0.140527]
  [0.140527 0.140527 0.078419 0.140527]]]
state : 13
eta : 5
pi2 : [[[0.140527 0.140527 0.078419 0.140527]
  [0.140527 0.140527 0.078419 0.140527]]

 [[0.140527 0.140527 0.078419 0.140527]
  [0.140527 0.140527 0.078419 0.140527]]]
state : 14
eta : 1
pi2 : [[[0.140527 0.140527 0.078419 0.140527]
  [0.140527 0.140527 0.078419 0.140527]]

 [[0.140527 0.140527 0.078419 0.140527]
  [0.140527 0.140527 0.078419 0.140527]]]
state : 14
eta : 5
pi2 : [[[0.140527 0.140527 0.078419 0.140527]
  [0.140527 0.140527 0.078419 0.140527]]

 [[0.140527 0.140527 0.078419 0.140527]
  [0.140527 0.140527 0.078419 0.140527]]]
state : 15
eta : 1
pi2 : [[[0.16045851 0.08954149 0.08954149 0.16045851]
  [0.16045851 0.08954149 0.08954149 0.16045851]]

 [[0.16045851 0.08954149 0.08954149 0.16045851]
  [0.16045851 0.08954149 0.08954149 0.16045851]]]
state : 15
eta : 5
pi2 : [[[0.16045851 0.08954149 0.08954149 0.16045851]
  [0.16045851 0.08954149 0.08954149 0.16045851]]

 [[0.16045851 0.08954149 0.08954149 0.16045851]
  [0.16045851 0.08954149 0.08954149 0.16045851]]]
