state : 0
eta : 1
pi2 : [[[0.04961149 0.2916196  0.11050085 0.07929704]
  [0.0492458  0.27613656 0.07273359 0.07085507]]

 [[0.03819137 0.15521665 0.09090994 0.04732931]
  [0.05211861 0.42948567 0.14973351 0.03701494]]]
state : 0
eta : 5
pi2 : [[[0.04961149 0.2916196  0.11050085 0.07929704]
  [0.0492458  0.27613656 0.07273359 0.07085507]]

 [[0.03819137 0.15521665 0.09090994 0.04732931]
  [0.05211861 0.42948567 0.14973351 0.03701494]]]
state : 1
eta : 1
pi2 : [[[0.04876156 0.17386198 0.03942758 0.04261489]
  [0.03342314 0.5297944  0.06522675 0.06688968]]

 [[0.04266669 0.28147037 0.07477995 0.04956663]
  [0.04318387 0.37127959 0.07286688 0.06418602]]]
state : 1
eta : 5
pi2 : [[[0.04876156 0.17386198 0.03942758 0.04261489]
  [0.03342314 0.5297944  0.06522675 0.06688968]]

 [[0.04266669 0.28147037 0.07477995 0.04956663]
  [0.04318387 0.37127959 0.07286688 0.06418602]]]
state : 2
eta : 1
pi2 : [[[0.04537444 0.09133087 0.14492434 0.04194192]
  [0.0255768  0.43792605 0.16847495 0.04445063]]

 [[0.03876507 0.35244271 0.14955857 0.04211433]
  [0.04448035 0.21319337 0.10993378 0.04951182]]]
state : 2
eta : 5
pi2 : [[[0.04537444 0.09133087 0.14492434 0.04194192]
  [0.0255768  0.43792605 0.16847495 0.04445063]]

 [[0.03876507 0.35244271 0.14955857 0.04211433]
  [0.04448035 0.21319337 0.10993378 0.04951182]]]
state : 3
eta : 1
pi2 : [[[0.05007871 0.0462544  0.57303447 0.07099447]
  [0.05622479 0.04066917 0.10621096 0.05653304]]

 [[0.03754244 0.03944132 0.55295899 0.06473586]
  [0.02900363 0.03377182 0.18721637 0.05532955]]]
state : 3
eta : 5
pi2 : [[[0.05007871 0.0462544  0.57303447 0.07099447]
  [0.05622479 0.04066917 0.10621096 0.05653304]]

 [[0.03754244 0.03944132 0.55295899 0.06473586]
  [0.02900363 0.03377182 0.18721637 0.05532955]]]
state : 4
eta : 1
pi2 : [[[0.01340443 0.04316422 0.00565302 0.00700144]
  [0.01228314 0.9066366  0.00662657 0.00523058]]

 [[0.14592353 0.12093755 0.0751175  0.08483069]
  [0.12248804 0.28275808 0.11148828 0.05645632]]]
state : 4
eta : 5
pi2 : [[[0.01340443 0.04316422 0.00565302 0.00700144]
  [0.01228314 0.9066366  0.00662657 0.00523058]]

 [[0.14592353 0.12093755 0.0751175  0.08483069]
  [0.12248804 0.28275808 0.11148828 0.05645632]]]
state : 5
eta : 1
pi2 : [[[0.07313437 0.52787044 0.022153   0.046735  ]
  [0.08518709 0.18383964 0.02065848 0.04042197]]

 [[0.01388553 0.06880792 0.00538407 0.00795035]
  [0.01130859 0.87904046 0.00551254 0.00811055]]]
state : 5
eta : 5
pi2 : [[[0.07313437 0.52787044 0.022153   0.046735  ]
  [0.08518709 0.18383964 0.02065848 0.04042197]]

 [[0.01388553 0.06880792 0.00538407 0.00795035]
  [0.01130859 0.87904046 0.00551254 0.00811055]]]
state : 6
eta : 1
pi2 : [[[0.02773126 0.38631231 0.0126996  0.01498665]
  [0.03032377 0.4919485  0.0162815  0.0197164 ]]

 [[0.01378413 0.75192545 0.00687039 0.00823607]
  [0.01769071 0.1849462  0.00617738 0.01036966]]]
state : 6
eta : 5
pi2 : [[[0.02773126 0.38631231 0.0126996  0.01498665]
  [0.03032377 0.4919485  0.0162815  0.0197164 ]]

 [[0.01378413 0.75192545 0.00687039 0.00823607]
  [0.01769071 0.1849462  0.00617738 0.01036966]]]
state : 7
eta : 1
pi2 : [[[0.00592997 0.00606642 0.9324017  0.00510823]
  [0.00621246 0.00619562 0.03296523 0.00512038]]

 [[0.02651408 0.02356718 0.30220497 0.02039195]
  [0.01988456 0.0243207  0.56758916 0.01552739]]]
state : 7
eta : 5
pi2 : [[[0.00592997 0.00606642 0.9324017  0.00510823]
  [0.00621246 0.00619562 0.03296523 0.00512038]]

 [[0.02651408 0.02356718 0.30220497 0.02039195]
  [0.01988456 0.0243207  0.56758916 0.01552739]]]
state : 8
eta : 1
pi2 : [[[0.55361466 0.0382322  0.06138706 0.03500441]
  [0.16262803 0.04757395 0.03457733 0.06698236]]

 [[0.95882943 0.00438565 0.00546401 0.00590386]
  [0.0098615  0.00400165 0.00501205 0.00654186]]]
state : 8
eta : 5
pi2 : [[[0.55361466 0.0382322  0.06138706 0.03500441]
  [0.16262803 0.04757395 0.03457733 0.06698236]]

 [[0.95882943 0.00438565 0.00546401 0.00590386]
  [0.0098615  0.00400165 0.00501205 0.00654186]]]
state : 9
eta : 1
pi2 : [[[0.13900681 0.1596421  0.09494935 0.12178232]
  [0.11108861 0.15824773 0.09915753 0.11612555]]

 [[0.20260184 0.09294779 0.05573347 0.1586926 ]
  [0.16445398 0.08249071 0.10721182 0.13586779]]]
state : 9
eta : 5
pi2 : [[[0.13900681 0.1596421  0.09494935 0.12178232]
  [0.11108861 0.15824773 0.09915753 0.11612555]]

 [[0.20260184 0.09294779 0.05573347 0.1586926 ]
  [0.16445398 0.08249071 0.10721182 0.13586779]]]
state : 10
eta : 1
pi2 : [[[0.11239204 0.27327046 0.06553622 0.1074958 ]
  [0.0920065  0.17903016 0.08891629 0.08135252]]

 [[0.10099419 0.31899985 0.09295812 0.06018308]
  [0.0872245  0.21704615 0.05912018 0.06347392]]]
state : 10
eta : 5
pi2 : [[[0.11239204 0.27327046 0.06553622 0.1074958 ]
  [0.0920065  0.17903016 0.08891629 0.08135252]]

 [[0.10099419 0.31899985 0.09295812 0.06018308]
  [0.0872245  0.21704615 0.05912018 0.06347392]]]
state : 11
eta : 1
pi2 : [[[0.00859638 0.00770283 0.48077396 0.0028727 ]
  [0.00884119 0.00725767 0.48077396 0.00318131]]

 [[0.01716252 0.01407208 0.46126786 0.00658797]
  [0.01675473 0.01657446 0.46126786 0.00631252]]]
state : 11
eta : 5
pi2 : [[[0.00859638 0.00770283 0.48077396 0.0028727 ]
  [0.00884119 0.00725767 0.48077396 0.00318131]]

 [[0.01716252 0.01407208 0.46126786 0.00658797]
  [0.01675473 0.01657446 0.46126786 0.00631252]]]
state : 12
eta : 1
pi2 : [[[0.01893442 0.0129397  0.02035568 0.01132251]
  [0.90102925 0.01751139 0.00959517 0.00831188]]

 [[0.066896   0.01335133 0.01538213 0.01255949]
  [0.84905428 0.01353403 0.01404701 0.01517573]]]
state : 12
eta : 5
pi2 : [[[0.01893442 0.0129397  0.02035568 0.01132251]
  [0.90102925 0.01751139 0.00959517 0.00831188]]

 [[0.066896   0.01335133 0.01538213 0.01255949]
  [0.84905428 0.01353403 0.01404701 0.01517573]]]
state : 13
eta : 1
pi2 : [[[0.140527 0.140527 0.078419 0.140527]
  [0.140527 0.140527 0.078419 0.140527]]

 [[0.140527 0.140527 0.078419 0.140527]
  [0.140527 0.140527 0.078419 0.140527]]]
state : 13
eta : 5
pi2 : [[[0.140527 0.140527 0.078419 0.140527]
  [0.140527 0.140527 0.078419 0.140527]]

 [[0.140527 0.140527 0.078419 0.140527]
  [0.140527 0.140527 0.078419 0.140527]]]
state : 14
eta : 1
pi2 : [[[0.140527 0.140527 0.078419 0.140527]
  [0.140527 0.140527 0.078419 0.140527]]

 [[0.140527 0.140527 0.078419 0.140527]
  [0.140527 0.140527 0.078419 0.140527]]]
state : 14
eta : 5
pi2 : [[[0.140527 0.140527 0.078419 0.140527]
  [0.140527 0.140527 0.078419 0.140527]]

 [[0.140527 0.140527 0.078419 0.140527]
  [0.140527 0.140527 0.078419 0.140527]]]
state : 15
eta : 1
pi2 : [[[0.16045851 0.08954149 0.08954149 0.16045851]
  [0.16045851 0.08954149 0.08954149 0.16045851]]

 [[0.16045851 0.08954149 0.08954149 0.16045851]
  [0.16045851 0.08954149 0.08954149 0.16045851]]]
state : 15
eta : 5
pi2 : [[[0.16045851 0.08954149 0.08954149 0.16045851]
  [0.16045851 0.08954149 0.08954149 0.16045851]]

 [[0.16045851 0.08954149 0.08954149 0.16045851]
  [0.16045851 0.08954149 0.08954149 0.16045851]]]
