state : 0
eta : 1
pi2 : [[[0.04995111 0.21736115 0.07856798 0.06351825]
  [0.0512939  0.3724708  0.11860568 0.04823114]]

 [[0.05730254 0.32829809 0.07454177 0.07479796]
  [0.04539077 0.25310517 0.12155399 0.0450097 ]]]
state : 0
eta : 5
pi2 : [[[0.04995111 0.21736115 0.07856798 0.06351825]
  [0.0512939  0.3724708  0.11860568 0.04823114]]

 [[0.05730254 0.32829809 0.07454177 0.07479796]
  [0.04539077 0.25310517 0.12155399 0.0450097 ]]]
state : 1
eta : 1
pi2 : [[[0.03601314 0.27572544 0.0883564  0.05006328]
  [0.04199356 0.39334094 0.07228392 0.04222332]]

 [[0.04258358 0.43482979 0.07415602 0.05409543]
  [0.04318268 0.1570246  0.12419432 0.06993359]]]
state : 1
eta : 5
pi2 : [[[0.03601314 0.27572544 0.0883564  0.05006328]
  [0.04199356 0.39334094 0.07228392 0.04222332]]

 [[0.04258358 0.43482979 0.07415602 0.05409543]
  [0.04318268 0.1570246  0.12419432 0.06993359]]]
state : 2
eta : 1
pi2 : [[[0.04269145 0.33665361 0.05793282 0.05277622]
  [0.04049689 0.30864242 0.12290197 0.03790462]]

 [[0.03966124 0.24309826 0.08868386 0.06247797]
  [0.04426186 0.20097568 0.27102808 0.04981306]]]
state : 2
eta : 5
pi2 : [[[0.04269145 0.33665361 0.05793282 0.05277622]
  [0.04049689 0.30864242 0.12290197 0.03790462]]

 [[0.03966124 0.24309826 0.08868386 0.06247797]
  [0.04426186 0.20097568 0.27102808 0.04981306]]]
state : 3
eta : 1
pi2 : [[[0.04536298 0.04865124 0.5198922  0.05143386]
  [0.05908388 0.04201005 0.18388199 0.0496838 ]]

 [[0.03998227 0.04224581 0.19617854 0.05388125]
  [0.04440467 0.04314168 0.52388556 0.05628022]]]
state : 3
eta : 5
pi2 : [[[0.04536298 0.04865124 0.5198922  0.05143386]
  [0.05908388 0.04201005 0.18388199 0.0496838 ]]

 [[0.03998227 0.04224581 0.19617854 0.05388125]
  [0.04440467 0.04314168 0.52388556 0.05628022]]]
state : 4
eta : 1
pi2 : [[[0.08394342 0.16940364 0.06266848 0.05909051]
  [0.12242378 0.39949846 0.05273103 0.05024069]]

 [[0.03384594 0.17005739 0.01318035 0.01421269]
  [0.02667121 0.71619864 0.00967727 0.01615651]]]
state : 4
eta : 5
pi2 : [[[0.08394342 0.16940364 0.06266848 0.05909051]
  [0.12242378 0.39949846 0.05273103 0.05024069]]

 [[0.03384594 0.17005739 0.01318035 0.01421269]
  [0.02667121 0.71619864 0.00967727 0.01615651]]]
state : 5
eta : 1
pi2 : [[[0.04890496 0.16861185 0.01699982 0.03183122]
  [0.04656342 0.6326     0.01403555 0.04045318]]

 [[0.02262392 0.18012402 0.00936137 0.01356683]
  [0.0280302  0.71617121 0.00881039 0.02131206]]]
state : 5
eta : 5
pi2 : [[[0.04890496 0.16861185 0.01699982 0.03183122]
  [0.04656342 0.6326     0.01403555 0.04045318]]

 [[0.02262392 0.18012402 0.00936137 0.01356683]
  [0.0280302  0.71617121 0.00881039 0.02131206]]]
state : 6
eta : 1
pi2 : [[[0.04282726 0.68563264 0.01464729 0.02194447]
  [0.03393943 0.15864914 0.01637711 0.02598265]]

 [[0.02043226 0.4862817  0.00911325 0.01097994]
  [0.01864876 0.43003039 0.00920213 0.01531157]]]
state : 6
eta : 5
pi2 : [[[0.04282726 0.68563264 0.01464729 0.02194447]
  [0.03393943 0.15864914 0.01637711 0.02598265]]

 [[0.02043226 0.4862817  0.00911325 0.01097994]
  [0.01864876 0.43003039 0.00920213 0.01531157]]]
state : 7
eta : 1
pi2 : [[[0.01300531 0.01340565 0.66449854 0.01098314]
  [0.01304834 0.01308049 0.26041573 0.0115628 ]]

 [[0.02212751 0.02005938 0.21157226 0.01514947]
  [0.02229349 0.02154336 0.66984191 0.01741262]]]
state : 7
eta : 5
pi2 : [[[0.01300531 0.01340565 0.66449854 0.01098314]
  [0.01304834 0.01308049 0.26041573 0.0115628 ]]

 [[0.02212751 0.02005938 0.21157226 0.01514947]
  [0.02229349 0.02154336 0.66984191 0.01741262]]]
state : 8
eta : 1
pi2 : [[[0.01466222 0.00765659 0.01036025 0.00522424]
  [0.94225709 0.00627998 0.00773799 0.00582164]]

 [[0.51793519 0.03817231 0.05142483 0.04701505]
  [0.24326525 0.03680146 0.03800782 0.0273781 ]]]
state : 8
eta : 5
pi2 : [[[0.01466222 0.00765659 0.01036025 0.00522424]
  [0.94225709 0.00627998 0.00773799 0.00582164]]

 [[0.51793519 0.03817231 0.05142483 0.04701505]
  [0.24326525 0.03680146 0.03800782 0.0273781 ]]]
state : 9
eta : 1
pi2 : [[[0.11051363 0.11081249 0.06528504 0.1358968 ]
  [0.11801391 0.16715934 0.11196655 0.18035224]]

 [[0.17823561 0.10854212 0.10009781 0.15570858]
  [0.12854333 0.09928384 0.07142983 0.15815888]]]
state : 9
eta : 5
pi2 : [[[0.11051363 0.11081249 0.06528504 0.1358968 ]
  [0.11801391 0.16715934 0.11196655 0.18035224]]

 [[0.17823561 0.10854212 0.10009781 0.15570858]
  [0.12854333 0.09928384 0.07142983 0.15815888]]]
state : 10
eta : 1
pi2 : [[[0.12609079 0.23351449 0.09011286 0.07723847]
  [0.15419275 0.13779707 0.11303121 0.06802236]]

 [[0.107103   0.17352754 0.06436809 0.09001779]
  [0.11519967 0.30134286 0.06732951 0.08111154]]]
state : 10
eta : 5
pi2 : [[[0.12609079 0.23351449 0.09011286 0.07723847]
  [0.15419275 0.13779707 0.11303121 0.06802236]]

 [[0.107103   0.17352754 0.06436809 0.09001779]
  [0.11519967 0.30134286 0.06732951 0.08111154]]]
state : 11
eta : 1
pi2 : [[[0.01462284 0.01419399 0.46764242 0.00468679]
  [0.01404191 0.01235012 0.46764242 0.0048195 ]]

 [[0.01619117 0.01440823 0.46396189 0.00584405]
  [0.01432398 0.01513454 0.46396189 0.00617425]]]
state : 11
eta : 5
pi2 : [[[0.01462284 0.01419399 0.46764242 0.00468679]
  [0.01404191 0.01235012 0.46764242 0.0048195 ]]

 [[0.01619117 0.01440823 0.46396189 0.00584405]
  [0.01432398 0.01513454 0.46396189 0.00617425]]]
state : 12
eta : 1
pi2 : [[[0.92956788 0.00992896 0.01556631 0.00968073]
  [0.01180351 0.00663742 0.00782478 0.0089904 ]]

 [[0.11350917 0.04266812 0.04421146 0.22306578]
  [0.4346803  0.04297739 0.04761124 0.05127654]]]
state : 12
eta : 5
pi2 : [[[0.92956788 0.00992896 0.01556631 0.00968073]
  [0.01180351 0.00663742 0.00782478 0.0089904 ]]

 [[0.11350917 0.04266812 0.04421146 0.22306578]
  [0.4346803  0.04297739 0.04761124 0.05127654]]]
state : 13
eta : 1
pi2 : [[[0.140527 0.140527 0.078419 0.140527]
  [0.140527 0.140527 0.078419 0.140527]]

 [[0.140527 0.140527 0.078419 0.140527]
  [0.140527 0.140527 0.078419 0.140527]]]
state : 13
eta : 5
pi2 : [[[0.140527 0.140527 0.078419 0.140527]
  [0.140527 0.140527 0.078419 0.140527]]

 [[0.140527 0.140527 0.078419 0.140527]
  [0.140527 0.140527 0.078419 0.140527]]]
state : 14
eta : 1
pi2 : [[[0.140527 0.140527 0.078419 0.140527]
  [0.140527 0.140527 0.078419 0.140527]]

 [[0.140527 0.140527 0.078419 0.140527]
  [0.140527 0.140527 0.078419 0.140527]]]
state : 14
eta : 5
pi2 : [[[0.140527 0.140527 0.078419 0.140527]
  [0.140527 0.140527 0.078419 0.140527]]

 [[0.140527 0.140527 0.078419 0.140527]
  [0.140527 0.140527 0.078419 0.140527]]]
state : 15
eta : 1
pi2 : [[[0.16045851 0.08954149 0.08954149 0.16045851]
  [0.16045851 0.08954149 0.08954149 0.16045851]]

 [[0.16045851 0.08954149 0.08954149 0.16045851]
  [0.16045851 0.08954149 0.08954149 0.16045851]]]
state : 15
eta : 5
pi2 : [[[0.16045851 0.08954149 0.08954149 0.16045851]
  [0.16045851 0.08954149 0.08954149 0.16045851]]

 [[0.16045851 0.08954149 0.08954149 0.16045851]
  [0.16045851 0.08954149 0.08954149 0.16045851]]]
