state : 0
eta : 1
pi2 : [[[0.04995111 0.21736115 0.07856798 0.06351825]
  [0.0512939  0.3724708  0.11860568 0.04823114]]

 [[0.05730254 0.32829809 0.07454177 0.07479796]
  [0.04539077 0.25310517 0.12155399 0.0450097 ]]]
state : 0
eta : 5
pi2 : [[[0.04995111 0.21736115 0.07856798 0.06351825]
  [0.0512939  0.3724708  0.11860568 0.04823114]]

 [[0.05730254 0.32829809 0.07454177 0.07479796]
  [0.04539077 0.25310517 0.12155399 0.0450097 ]]]
state : 1
eta : 1
pi2 : [[[0.03601314 0.27572544 0.08835639 0.05006328]
  [0.04199356 0.39334095 0.07228392 0.04222332]]

 [[0.04258358 0.43482978 0.07415602 0.05409543]
  [0.04318268 0.1570246  0.12419432 0.06993359]]]
state : 1
eta : 5
pi2 : [[[0.03601314 0.27572544 0.08835639 0.05006328]
  [0.04199356 0.39334095 0.07228392 0.04222332]]

 [[0.04258358 0.43482978 0.07415602 0.05409543]
  [0.04318268 0.1570246  0.12419432 0.06993359]]]
state : 2
eta : 1
pi2 : [[[0.04269145 0.33665361 0.05793282 0.05277622]
  [0.04049689 0.30864242 0.12290197 0.03790462]]

 [[0.03966124 0.24309825 0.08868386 0.06247797]
  [0.04426186 0.20097568 0.27102808 0.04981306]]]
state : 2
eta : 5
pi2 : [[[0.04269145 0.33665361 0.05793282 0.05277622]
  [0.04049689 0.30864242 0.12290197 0.03790462]]

 [[0.03966124 0.24309825 0.08868386 0.06247797]
  [0.04426186 0.20097568 0.27102808 0.04981306]]]
state : 3
eta : 1
pi2 : [[[0.04536298 0.04865124 0.5198922  0.05143386]
  [0.05908388 0.04201005 0.18388199 0.0496838 ]]

 [[0.03998227 0.04224581 0.19617854 0.05388125]
  [0.04440467 0.04314168 0.52388556 0.05628022]]]
state : 3
eta : 5
pi2 : [[[0.04536298 0.04865124 0.5198922  0.05143386]
  [0.05908388 0.04201005 0.18388199 0.0496838 ]]

 [[0.03998227 0.04224581 0.19617854 0.05388125]
  [0.04440467 0.04314168 0.52388556 0.05628022]]]
state : 4
eta : 1
pi2 : [[[0.08394384 0.1694063  0.06266877 0.05909079]
  [0.12242443 0.39949368 0.05273127 0.05024092]]

 [[0.03384056 0.17001249 0.01317847 0.01421065]
  [0.02666712 0.71626064 0.00967591 0.01615416]]]
state : 4
eta : 5
pi2 : [[[0.08394384 0.1694063  0.06266877 0.05909079]
  [0.12242443 0.39949368 0.05273127 0.05024092]]

 [[0.03384056 0.17001249 0.01317847 0.01421065]
  [0.02666712 0.71626064 0.00967591 0.01615416]]]
state : 5
eta : 1
pi2 : [[[0.04890486 0.16861135 0.01699979 0.03183116]
  [0.04656333 0.63260088 0.01403553 0.0404531 ]]

 [[0.02262148 0.18008863 0.00936043 0.01356544]
  [0.02802709 0.71621763 0.00880951 0.02130978]]]
state : 5
eta : 5
pi2 : [[[0.04890486 0.16861135 0.01699979 0.03183116]
  [0.04656333 0.63260088 0.01403553 0.0404531 ]]

 [[0.02262148 0.18008863 0.00936043 0.01356544]
  [0.02802709 0.71621763 0.00880951 0.02130978]]]
state : 6
eta : 1
pi2 : [[[0.04282727 0.68563261 0.0146473  0.02194447]
  [0.03393943 0.15864916 0.01637711 0.02598265]]

 [[0.02043169 0.48632983 0.00911304 0.01097967]
  [0.01864825 0.42998442 0.00920191 0.01531118]]]
state : 6
eta : 5
pi2 : [[[0.04282727 0.68563261 0.0146473  0.02194447]
  [0.03393943 0.15864916 0.01637711 0.02598265]]

 [[0.02043169 0.48632983 0.00911304 0.01097967]
  [0.01864825 0.42998442 0.00920191 0.01531118]]]
state : 7
eta : 1
pi2 : [[[0.01300621 0.01340657 0.66443494 0.01098389]
  [0.01304923 0.01308139 0.26047417 0.0115636 ]]

 [[0.02212742 0.02005929 0.21157001 0.0151494 ]
  [0.0222934  0.02154337 0.66984456 0.01741255]]]
state : 7
eta : 5
pi2 : [[[0.01300621 0.01340657 0.66443494 0.01098389]
  [0.01304923 0.01308139 0.26047417 0.0115636 ]]

 [[0.02212742 0.02005929 0.21157001 0.0151494 ]
  [0.0222934  0.02154337 0.66984456 0.01741255]]]
state : 8
eta : 1
pi2 : [[[0.01468344 0.00766802 0.01037563 0.00523207]
  [0.94216023 0.0063007  0.00774954 0.00583036]]

 [[0.51793703 0.03817222 0.05142469 0.04701492]
  [0.24326402 0.03680136 0.03800772 0.02737803]]]
state : 8
eta : 5
pi2 : [[[0.01468344 0.00766802 0.01037563 0.00523207]
  [0.94216023 0.0063007  0.00774954 0.00583036]]

 [[0.51793703 0.03817222 0.05142469 0.04701492]
  [0.24326402 0.03680136 0.03800772 0.02737803]]]
state : 9
eta : 1
pi2 : [[[0.11051364 0.11081249 0.06528504 0.1358968 ]
  [0.1180139  0.16715934 0.11196655 0.18035224]]

 [[0.17817692 0.10851884 0.10007774 0.15591996]
  [0.12851153 0.09926407 0.07141888 0.15811205]]]
state : 9
eta : 5
pi2 : [[[0.11051364 0.11081249 0.06528504 0.1358968 ]
  [0.1180139  0.16715934 0.11196655 0.18035224]]

 [[0.17817692 0.10851884 0.10007774 0.15591996]
  [0.12851153 0.09926407 0.07141888 0.15811205]]]
state : 10
eta : 1
pi2 : [[[0.12609079 0.23351449 0.09011286 0.07723847]
  [0.15419275 0.13779707 0.11303121 0.06802236]]

 [[0.107103   0.17352754 0.06436809 0.09001779]
  [0.11519967 0.30134286 0.06732951 0.08111154]]]
state : 10
eta : 5
pi2 : [[[0.12609079 0.23351449 0.09011286 0.07723847]
  [0.15419275 0.13779707 0.11303121 0.06802236]]

 [[0.107103   0.17352754 0.06436809 0.09001779]
  [0.11519967 0.30134286 0.06732951 0.08111154]]]
state : 11
eta : 1
pi2 : [[[0.0146146  0.01419167 0.46765067 0.004686  ]
  [0.01403961 0.01234809 0.46765067 0.00481869]]

 [[0.01619117 0.01440823 0.46396189 0.00584405]
  [0.01432398 0.01513454 0.46396189 0.00617425]]]
state : 11
eta : 5
pi2 : [[[0.0146146  0.01419167 0.46765067 0.004686  ]
  [0.01403961 0.01234809 0.46765067 0.00481869]]

 [[0.01619117 0.01440823 0.46396189 0.00584405]
  [0.01432398 0.01513454 0.46396189 0.00617425]]]
state : 12
eta : 1
pi2 : [[[0.9295725  0.00992832 0.01556523 0.00968011]
  [0.01180273 0.00663701 0.00782429 0.00898982]]

 [[0.11350917 0.04266812 0.04421146 0.22306583]
  [0.43468026 0.04297739 0.04761124 0.05127654]]]
state : 12
eta : 5
pi2 : [[[0.9295725  0.00992832 0.01556523 0.00968011]
  [0.01180273 0.00663701 0.00782429 0.00898982]]

 [[0.11350917 0.04266812 0.04421146 0.22306583]
  [0.43468026 0.04297739 0.04761124 0.05127654]]]
state : 13
eta : 1
pi2 : [[[0.140527 0.140527 0.078419 0.140527]
  [0.140527 0.140527 0.078419 0.140527]]

 [[0.140527 0.140527 0.078419 0.140527]
  [0.140527 0.140527 0.078419 0.140527]]]
state : 13
eta : 5
pi2 : [[[0.140527 0.140527 0.078419 0.140527]
  [0.140527 0.140527 0.078419 0.140527]]

 [[0.140527 0.140527 0.078419 0.140527]
  [0.140527 0.140527 0.078419 0.140527]]]
state : 14
eta : 1
pi2 : [[[0.140527 0.140527 0.078419 0.140527]
  [0.140527 0.140527 0.078419 0.140527]]

 [[0.140527 0.140527 0.078419 0.140527]
  [0.140527 0.140527 0.078419 0.140527]]]
state : 14
eta : 5
pi2 : [[[0.140527 0.140527 0.078419 0.140527]
  [0.140527 0.140527 0.078419 0.140527]]

 [[0.140527 0.140527 0.078419 0.140527]
  [0.140527 0.140527 0.078419 0.140527]]]
state : 15
eta : 1
pi2 : [[[0.16045851 0.08954149 0.08954149 0.16045851]
  [0.16045851 0.08954149 0.08954149 0.16045851]]

 [[0.16045851 0.08954149 0.08954149 0.16045851]
  [0.16045851 0.08954149 0.08954149 0.16045851]]]
state : 15
eta : 5
pi2 : [[[0.16045851 0.08954149 0.08954149 0.16045851]
  [0.16045851 0.08954149 0.08954149 0.16045851]]

 [[0.16045851 0.08954149 0.08954149 0.16045851]
  [0.16045851 0.08954149 0.08954149 0.16045851]]]
