state : 0
eta : 1
pi2 : [[[0.12500326 0.12500275 0.12500324 0.12500324]
  [0.12500324 0.12500324 0.12497781 0.12500322]]

 [[0.12499998 0.12500012 0.12499958 0.12500011]
  [0.12500013 0.12500013 0.12499983 0.12500013]]]
state : 0
eta : 50
pi2 : [[[0.12500326 0.12500275 0.12500324 0.12500324]
  [0.12500324 0.12500324 0.12497781 0.12500322]]

 [[0.12499998 0.12500012 0.12499958 0.12500011]
  [0.12500013 0.12500013 0.12499983 0.12500013]]]
state : 1
eta : 1
pi2 : [[[0.12919966 0.12919966 0.11773688 0.12914113]
  [0.12729475 0.10903197 0.12919871 0.12919724]]

 [[0.11385128 0.14222322 0.10873778 0.14645733]
  [0.07830863 0.1410441  0.12292016 0.1464575 ]]]
state : 1
eta : 50
pi2 : [[[0.12919966 0.12919966 0.11773688 0.12914113]
  [0.12729475 0.10903197 0.12919871 0.12919724]]

 [[0.11385128 0.14222322 0.10873778 0.14645733]
  [0.07830863 0.1410441  0.12292016 0.1464575 ]]]
state : 2
eta : 1
pi2 : [[[0.09774017 0.13238034 0.13511665 0.13498442]
  [0.13088021 0.09867116 0.13510974 0.13511731]]

 [[0.13836748 0.13824133 0.13833807 0.1350494 ]
  [0.11927573 0.10516256 0.13012919 0.09543623]]]
state : 2
eta : 50
pi2 : [[[0.09774017 0.13238034 0.13511665 0.13498442]
  [0.13088021 0.09867116 0.13510974 0.13511731]]

 [[0.13836748 0.13824133 0.13833807 0.1350494 ]
  [0.11927573 0.10516256 0.13012919 0.09543623]]]
state : 3
eta : 1
pi2 : [[[0.12516329 0.12514612 0.12516329 0.12509253]
  [0.12417137 0.12499689 0.12516329 0.12510322]]

 [[0.1385926  0.13918442 0.10538501 0.09679437]
  [0.13868786 0.13901951 0.13905345 0.10328278]]]
state : 3
eta : 50
pi2 : [[[0.12516329 0.12514612 0.12516329 0.12509253]
  [0.12417137 0.12499689 0.12516329 0.12510322]]

 [[0.1385926  0.13918442 0.10538501 0.09679437]
  [0.13868786 0.13901951 0.13905345 0.10328278]]]
state : 4
eta : 1
pi2 : [[[0.12532316 0.12273303 0.12532424 0.12532419]
  [0.1253242  0.12532375 0.1253242  0.12532322]]

 [[0.12528372 0.12528372 0.12524098 0.12528167]
  [0.12528157 0.12528276 0.12306401 0.12528156]]]
state : 4
eta : 50
pi2 : [[[0.12532316 0.12273303 0.12532424 0.12532419]
  [0.1253242  0.12532375 0.1253242  0.12532322]]

 [[0.12528372 0.12528372 0.12524098 0.12528167]
  [0.12528157 0.12528276 0.12306401 0.12528156]]]
state : 5
eta : 1
pi2 : [[[0.14734076 0.09227793 0.12741276 0.14734083]
  [0.09877369 0.10980437 0.1297121  0.14733756]]

 [[0.11749534 0.10389541 0.1308759  0.13087707]
  [0.13087232 0.12771674 0.13087983 0.12738739]]]
state : 5
eta : 50
pi2 : [[[0.14734076 0.09227793 0.12741276 0.14734083]
  [0.09877369 0.10980437 0.1297121  0.14733756]]

 [[0.11749534 0.10389541 0.1308759  0.13087707]
  [0.13087232 0.12771674 0.13087983 0.12738739]]]
state : 6
eta : 1
pi2 : [[[0.14213206 0.14270715 0.09555036 0.14270851]
  [0.1320424  0.09564613 0.1178937  0.1313197 ]]

 [[0.15358418 0.15317807 0.15358461 0.09025189]
  [0.10686545 0.14643252 0.08160598 0.11449729]]]
state : 6
eta : 50
pi2 : [[[0.14213206 0.14270715 0.09555036 0.14270851]
  [0.1320424  0.09564613 0.1178937  0.1313197 ]]

 [[0.15358418 0.15317807 0.15358461 0.09025189]
  [0.10686545 0.14643252 0.08160598 0.11449729]]]
state : 7
eta : 1
pi2 : [[[0.13383677 0.10203848 0.13383679 0.12681967]
  [0.1334481  0.13383684 0.13185487 0.10432848]]

 [[0.12992781 0.12985323 0.13004286 0.13004286]
  [0.09000472 0.13004283 0.13004285 0.13004286]]]
state : 7
eta : 50
pi2 : [[[0.13383677 0.10203848 0.13383679 0.12681967]
  [0.1334481  0.13383684 0.13185487 0.10432848]]

 [[0.12992781 0.12985323 0.13004286 0.13004286]
  [0.09000472 0.13004283 0.13004285 0.13004286]]]
state : 8
eta : 1
pi2 : [[[0.12535778 0.12531618 0.12535778 0.12535778]
  [0.12535778 0.12535778 0.12535658 0.12253832]]

 [[0.12299085 0.12349275 0.12553512 0.12559624]
  [0.12559687 0.12559687 0.12559686 0.12559444]]]
state : 8
eta : 50
pi2 : [[[0.12535778 0.12531618 0.12535778 0.12535778]
  [0.12535778 0.12535778 0.12535658 0.12253832]]

 [[0.12299085 0.12349275 0.12553512 0.12559624]
  [0.12559687 0.12559687 0.12559686 0.12559444]]]
state : 9
eta : 1
pi2 : [[[0.09051349 0.14027593 0.14028218 0.14028218]
  [0.13352532 0.07468726 0.14015152 0.14028211]]

 [[0.12660243 0.12660244 0.11967621 0.12347989]
  [0.12383258 0.12660244 0.12660244 0.12660158]]]
state : 9
eta : 50
pi2 : [[[0.09051349 0.14027593 0.14028218 0.14028218]
  [0.13352532 0.07468726 0.14015152 0.14028211]]

 [[0.12660243 0.12660244 0.11967621 0.12347989]
  [0.12383258 0.12660244 0.12660244 0.12660158]]]
state : 10
eta : 1
pi2 : [[[0.12994266 0.13000397 0.13000356 0.09009684]
  [0.13000471 0.12993885 0.13000471 0.13000469]]

 [[0.09373498 0.16304167 0.15041875 0.09912693]
  [0.04913243 0.17221929 0.11722688 0.15509906]]]
state : 10
eta : 50
pi2 : [[[0.12994266 0.13000397 0.13000356 0.09009684]
  [0.13000471 0.12993885 0.13000471 0.13000469]]

 [[0.09373498 0.16304167 0.15041875 0.09912693]
  [0.04913243 0.17221929 0.11722688 0.15509906]]]
state : 11
eta : 1
pi2 : [[[0.12214844 0.12553116 0.125533   0.12544584]
  [0.125533   0.12552894 0.12553248 0.12474714]]

 [[0.12543048 0.12469754 0.12543053 0.1253833 ]
  [0.12542666 0.12363803 0.12460658 0.12538689]]]
state : 11
eta : 50
pi2 : [[[0.12214844 0.12553116 0.125533   0.12544584]
  [0.125533   0.12552894 0.12553248 0.12474714]]

 [[0.12543048 0.12469754 0.12543053 0.1253833 ]
  [0.12542666 0.12363803 0.12460658 0.12538689]]]
state : 12
eta : 1
pi2 : [[[0.12500564 0.12500564 0.12500564 0.12498351]
  [0.12500494 0.12500564 0.12498333 0.12500564]]

 [[0.12498208 0.12500263 0.12500263 0.12500263]
  [0.12500227 0.12500249 0.12500263 0.12500263]]]
state : 12
eta : 50
pi2 : [[[0.12500564 0.12500564 0.12500564 0.12498351]
  [0.12500494 0.12500564 0.12498333 0.12500564]]

 [[0.12498208 0.12500263 0.12500263 0.12500263]
  [0.12500227 0.12500249 0.12500263 0.12500263]]]
state : 13
eta : 1
pi2 : [[[0.125 0.125 0.125 0.125]
  [0.125 0.125 0.125 0.125]]

 [[0.125 0.125 0.125 0.125]
  [0.125 0.125 0.125 0.125]]]
state : 13
eta : 50
pi2 : [[[0.125 0.125 0.125 0.125]
  [0.125 0.125 0.125 0.125]]

 [[0.125 0.125 0.125 0.125]
  [0.125 0.125 0.125 0.125]]]
state : 14
eta : 1
pi2 : [[[0.125 0.125 0.125 0.125]
  [0.125 0.125 0.125 0.125]]

 [[0.125 0.125 0.125 0.125]
  [0.125 0.125 0.125 0.125]]]
state : 14
eta : 50
pi2 : [[[0.125 0.125 0.125 0.125]
  [0.125 0.125 0.125 0.125]]

 [[0.125 0.125 0.125 0.125]
  [0.125 0.125 0.125 0.125]]]
state : 15
eta : 1
pi2 : [[[0.125 0.125 0.125 0.125]
  [0.125 0.125 0.125 0.125]]

 [[0.125 0.125 0.125 0.125]
  [0.125 0.125 0.125 0.125]]]
state : 15
eta : 50
pi2 : [[[0.125 0.125 0.125 0.125]
  [0.125 0.125 0.125 0.125]]

 [[0.125 0.125 0.125 0.125]
  [0.125 0.125 0.125 0.125]]]
