state : 0
eta : 1
pi2 : [[[0.0469029  0.1991539  0.08385774 0.0526958 ]
  [0.07106245 0.38394039 0.08985345 0.07253337]]

 [[0.0193424  0.68493694 0.04920691 0.02798154]
  [0.02825456 0.1018168  0.05275389 0.03570696]]]
state : 0
eta : 5
pi2 : [[[0.0469029  0.1991539  0.08385774 0.0526958 ]
  [0.07106245 0.38394039 0.08985345 0.07253337]]

 [[0.0193424  0.68493694 0.04920691 0.02798154]
  [0.02825456 0.1018168  0.05275389 0.03570696]]]
state : 1
eta : 1
pi2 : [[[0.02654559 0.63662918 0.02942324 0.01787991]
  [0.0249471  0.21009185 0.0290024  0.02548073]]

 [[0.09292912 0.21793672 0.05418555 0.0851466 ]
  [0.05046827 0.32274505 0.12668304 0.04990564]]]
state : 1
eta : 5
pi2 : [[[0.02654559 0.63662918 0.02942324 0.01787991]
  [0.0249471  0.21009185 0.0290024  0.02548073]]

 [[0.09292912 0.21793672 0.05418555 0.0851466 ]
  [0.05046827 0.32274505 0.12668304 0.04990564]]]
state : 2
eta : 1
pi2 : [[[0.03689828 0.32920261 0.04676181 0.03834898]
  [0.04633803 0.36132407 0.10501559 0.03611063]]

 [[0.02482186 0.68277335 0.02792244 0.04003542]
  [0.02875199 0.12585715 0.04364046 0.02619734]]]
state : 2
eta : 5
pi2 : [[[0.03689828 0.32920261 0.04676181 0.03834898]
  [0.04633803 0.36132407 0.10501559 0.03611063]]

 [[0.02482186 0.68277335 0.02792244 0.04003542]
  [0.02875199 0.12585715 0.04364046 0.02619734]]]
state : 3
eta : 1
pi2 : [[[0.03886336 0.02725772 0.38904486 0.03876233]
  [0.02566026 0.01869749 0.41777145 0.04394253]]

 [[0.03678755 0.0434892  0.39081523 0.05244955]
  [0.044826   0.04569748 0.34150569 0.0444293 ]]]
state : 3
eta : 5
pi2 : [[[0.03886336 0.02725772 0.38904486 0.03876233]
  [0.02566026 0.01869749 0.41777145 0.04394253]]

 [[0.03678755 0.0434892  0.39081523 0.05244955]
  [0.044826   0.04569748 0.34150569 0.0444293 ]]]
state : 4
eta : 1
pi2 : [[[0.00789849 0.96008923 0.00399524 0.00229988]
  [0.01125541 0.0066723  0.00428292 0.00350652]]

 [[0.06079114 0.38653416 0.04112015 0.04488149]
  [0.23077691 0.11421087 0.07449253 0.04719275]]]
state : 4
eta : 5
pi2 : [[[0.00789849 0.96008923 0.00399524 0.00229988]
  [0.01125541 0.0066723  0.00428292 0.00350652]]

 [[0.06079114 0.38653416 0.04112015 0.04488149]
  [0.23077691 0.11421087 0.07449253 0.04719275]]]
state : 5
eta : 1
pi2 : [[[0.00779435 0.00780871 0.00254168 0.00627546]
  [0.00596954 0.96336136 0.00290505 0.00334385]]

 [[0.23247474 0.1597709  0.05864297 0.08491339]
  [0.08728866 0.23248435 0.05084788 0.09357713]]]
state : 5
eta : 5
pi2 : [[[0.00779435 0.00780871 0.00254168 0.00627546]
  [0.00596954 0.96336136 0.00290505 0.00334385]]

 [[0.23247474 0.1597709  0.05864297 0.08491339]
  [0.08728866 0.23248435 0.05084788 0.09357713]]]
state : 6
eta : 1
pi2 : [[[0.07169762 0.34060089 0.04148969 0.0352449 ]
  [0.08246923 0.34946871 0.0303829  0.04864607]]

 [[0.0066954  0.8822835  0.00327895 0.00672243]
  [0.01006971 0.08272442 0.00375657 0.00446902]]]
state : 6
eta : 5
pi2 : [[[0.07169762 0.34060089 0.04148969 0.0352449 ]
  [0.08246923 0.34946871 0.0303829  0.04864607]]

 [[0.0066954  0.8822835  0.00327895 0.00672243]
  [0.01006971 0.08272442 0.00375657 0.00446902]]]
state : 7
eta : 1
pi2 : [[[0.00960426 0.0096208  0.76610803 0.00611063]
  [0.00897281 0.00934392 0.18285959 0.00737995]]

 [[0.00922396 0.00962761 0.86947036 0.00619957]
  [0.00996776 0.0076251  0.08073866 0.00714699]]]
state : 7
eta : 5
pi2 : [[[0.00960426 0.0096208  0.76610803 0.00611063]
  [0.00897281 0.00934392 0.18285959 0.00737995]]

 [[0.00922396 0.00962761 0.86947036 0.00619957]
  [0.00996776 0.0076251  0.08073866 0.00714699]]]
state : 8
eta : 1
pi2 : [[[0.12804579 0.07404717 0.12009995 0.05855745]
  [0.45052991 0.06311603 0.06594492 0.03965878]]

 [[0.96117395 0.00296493 0.00347829 0.0028072 ]
  [0.01412706 0.00371229 0.00519256 0.00654374]]]
state : 8
eta : 5
pi2 : [[[0.12804579 0.07404717 0.12009995 0.05855745]
  [0.45052991 0.06311603 0.06594492 0.03965878]]

 [[0.96117395 0.00296493 0.00347829 0.0028072 ]
  [0.01412706 0.00371229 0.00519256 0.00654374]]]
state : 9
eta : 1
pi2 : [[[0.15613391 0.11660885 0.10836355 0.07414488]
  [0.10825272 0.0669361  0.13937131 0.23018869]]

 [[0.18496453 0.19134699 0.09873783 0.05437684]
  [0.16447942 0.12405462 0.07261833 0.10942144]]]
state : 9
eta : 5
pi2 : [[[0.15613391 0.11660885 0.10836355 0.07414488]
  [0.10825272 0.0669361  0.13937131 0.23018869]]

 [[0.18496453 0.19134699 0.09873783 0.05437684]
  [0.16447942 0.12405462 0.07261833 0.10942144]]]
state : 10
eta : 1
pi2 : [[[0.16950334 0.16889278 0.07457908 0.1016662 ]
  [0.14142882 0.19228035 0.06928635 0.08236309]]

 [[0.0971867  0.21694303 0.06145773 0.08306805]
  [0.19507763 0.12091752 0.11978375 0.10556559]]]
state : 10
eta : 5
pi2 : [[[0.16950334 0.16889278 0.07457908 0.1016662 ]
  [0.14142882 0.19228035 0.06928635 0.08236309]]

 [[0.0971867  0.21694303 0.06145773 0.08306805]
  [0.19507763 0.12091752 0.11978375 0.10556559]]]
state : 11
eta : 1
pi2 : [[[0.00721073 0.00783807 0.48280108 0.00250417]
  [0.0081032  0.00650943 0.48280108 0.00223224]]

 [[0.01235819 0.01167173 0.47057595 0.0043803 ]
  [0.01414631 0.01194146 0.47057595 0.00435011]]]
state : 11
eta : 5
pi2 : [[[0.00721073 0.00783807 0.48280108 0.00250417]
  [0.0081032  0.00650943 0.48280108 0.00223224]]

 [[0.01235819 0.01167173 0.47057595 0.0043803 ]
  [0.01414631 0.01194146 0.47057595 0.00435011]]]
state : 12
eta : 1
pi2 : [[[0.0295647  0.01407262 0.01330023 0.02166961]
  [0.88037834 0.00985661 0.01622165 0.01493623]]

 [[0.01602985 0.00750418 0.00478435 0.00553521]
  [0.94331482 0.00859401 0.00701344 0.00722412]]]
state : 12
eta : 5
pi2 : [[[0.0295647  0.01407262 0.01330023 0.02166961]
  [0.88037834 0.00985661 0.01622165 0.01493623]]

 [[0.01602985 0.00750418 0.00478435 0.00553521]
  [0.94331482 0.00859401 0.00701344 0.00722412]]]
state : 13
eta : 1
pi2 : [[[0.140527 0.140527 0.078419 0.140527]
  [0.140527 0.140527 0.078419 0.140527]]

 [[0.140527 0.140527 0.078419 0.140527]
  [0.140527 0.140527 0.078419 0.140527]]]
state : 13
eta : 5
pi2 : [[[0.140527 0.140527 0.078419 0.140527]
  [0.140527 0.140527 0.078419 0.140527]]

 [[0.140527 0.140527 0.078419 0.140527]
  [0.140527 0.140527 0.078419 0.140527]]]
state : 14
eta : 1
pi2 : [[[0.140527 0.140527 0.078419 0.140527]
  [0.140527 0.140527 0.078419 0.140527]]

 [[0.140527 0.140527 0.078419 0.140527]
  [0.140527 0.140527 0.078419 0.140527]]]
state : 14
eta : 5
pi2 : [[[0.140527 0.140527 0.078419 0.140527]
  [0.140527 0.140527 0.078419 0.140527]]

 [[0.140527 0.140527 0.078419 0.140527]
  [0.140527 0.140527 0.078419 0.140527]]]
state : 15
eta : 1
pi2 : [[[0.16045851 0.08954149 0.08954149 0.16045851]
  [0.16045851 0.08954149 0.08954149 0.16045851]]

 [[0.16045851 0.08954149 0.08954149 0.16045851]
  [0.16045851 0.08954149 0.08954149 0.16045851]]]
state : 15
eta : 5
pi2 : [[[0.16045851 0.08954149 0.08954149 0.16045851]
  [0.16045851 0.08954149 0.08954149 0.16045851]]

 [[0.16045851 0.08954149 0.08954149 0.16045851]
  [0.16045851 0.08954149 0.08954149 0.16045851]]]
