state : 0
eta : 1
pi2 : [[[0.09571021 0.23146187 0.15214241 0.07175695]
  [0.07024414 0.19886716 0.10681755 0.07299972]]

 [[0.0836123  0.32951579 0.05256432 0.06666476]
  [0.07273522 0.23209159 0.10324508 0.05957095]]]
state : 0
eta : 5
pi2 : [[[0.09571021 0.23146187 0.15214241 0.07175695]
  [0.07024414 0.19886716 0.10681755 0.07299972]]

 [[0.0836123  0.32951579 0.05256432 0.06666476]
  [0.07273522 0.23209159 0.10324508 0.05957095]]]
state : 1
eta : 1
pi2 : [[[0.05469886 0.1917246  0.09174315 0.0744306 ]
  [0.05931123 0.19925847 0.26843504 0.06039803]]

 [[0.0639032  0.24131058 0.14274654 0.06629181]
  [0.07434092 0.19031603 0.15703587 0.06405506]]]
state : 1
eta : 5
pi2 : [[[0.05469886 0.1917246  0.09174315 0.0744306 ]
  [0.05931123 0.19925847 0.26843504 0.06039803]]

 [[0.0639032  0.24131058 0.14274654 0.06629181]
  [0.07434092 0.19031603 0.15703587 0.06405506]]]
state : 2
eta : 1
pi2 : [[[0.06045776 0.12065316 0.20347727 0.06845034]
  [0.05631382 0.23882825 0.16542207 0.08639733]]

 [[0.04734795 0.24446255 0.159173   0.08544513]
  [0.06587101 0.16853355 0.15165889 0.07750793]]]
state : 2
eta : 5
pi2 : [[[0.06045776 0.12065316 0.20347727 0.06845034]
  [0.05631382 0.23882825 0.16542207 0.08639733]]

 [[0.04734795 0.24446255 0.159173   0.08544513]
  [0.06587101 0.16853355 0.15165889 0.07750793]]]
state : 3
eta : 1
pi2 : [[[0.05264835 0.08744812 0.157429   0.05264468]
  [0.07246978 0.06621784 0.45207825 0.05906398]]

 [[0.05079265 0.05074276 0.24136002 0.06409186]
  [0.05832772 0.04447089 0.41127583 0.07893828]]]
state : 3
eta : 5
pi2 : [[[0.05264835 0.08744812 0.157429   0.05264468]
  [0.07246978 0.06621784 0.45207825 0.05906398]]

 [[0.05079265 0.05074276 0.24136002 0.06409186]
  [0.05832772 0.04447089 0.41127583 0.07893828]]]
state : 4
eta : 1
pi2 : [[[0.11488903 0.17703734 0.09280098 0.07014614]
  [0.16616787 0.1756404  0.08967181 0.11364642]]

 [[0.00630002 0.0113583  0.00712173 0.0037342 ]
  [0.00606692 0.95701014 0.00351463 0.00489406]]]
state : 4
eta : 5
pi2 : [[[0.11488903 0.17703734 0.09280098 0.07014614]
  [0.16616787 0.1756404  0.08967181 0.11364642]]

 [[0.00630002 0.0113583  0.00712173 0.0037342 ]
  [0.00606692 0.95701014 0.00351463 0.00489406]]]
state : 5
eta : 1
pi2 : [[[0.09878439 0.38239087 0.04228467 0.06494516]
  [0.11100374 0.20622825 0.03159306 0.06276986]]

 [[0.00516899 0.96608392 0.00260337 0.00316194]
  [0.00785509 0.00822409 0.00214266 0.00475993]]]
state : 5
eta : 5
pi2 : [[[0.09878439 0.38239087 0.04228467 0.06494516]
  [0.11100374 0.20622825 0.03159306 0.06276986]]

 [[0.00516899 0.96608392 0.00260337 0.00316194]
  [0.00785509 0.00822409 0.00214266 0.00475993]]]
state : 6
eta : 1
pi2 : [[[0.00557829 0.03848524 0.00246818 0.00369823]
  [0.00464131 0.93594636 0.00331062 0.00587178]]

 [[0.05260042 0.47675361 0.03163177 0.04904249]
  [0.08677341 0.22059869 0.03276308 0.04983653]]]
state : 6
eta : 5
pi2 : [[[0.00557829 0.03848524 0.00246818 0.00369823]
  [0.00464131 0.93594636 0.00331062 0.00587178]]

 [[0.05260042 0.47675361 0.03163177 0.04904249]
  [0.08677341 0.22059869 0.03276308 0.04983653]]]
state : 7
eta : 1
pi2 : [[[0.01982685 0.01997819 0.14425258 0.02978037]
  [0.01790435 0.02730419 0.71968555 0.02126793]]

 [[0.00441657 0.00483501 0.02222292 0.0052632 ]
  [0.00466617 0.00489295 0.94941851 0.00428468]]]
state : 7
eta : 5
pi2 : [[[0.01982685 0.01997819 0.14425258 0.02978037]
  [0.01790435 0.02730419 0.71968555 0.02126793]]

 [[0.00441657 0.00483501 0.02222292 0.0052632 ]
  [0.00466617 0.00489295 0.94941851 0.00428468]]]
state : 8
eta : 1
pi2 : [[[0.00750915 0.00532792 0.00629736 0.00425206]
  [0.95851641 0.00462746 0.0069888  0.00648084]]

 [[0.05410196 0.02401902 0.02119516 0.01397999]
  [0.80789987 0.01695944 0.03260184 0.02924271]]]
state : 8
eta : 5
pi2 : [[[0.00750915 0.00532792 0.00629736 0.00425206]
  [0.95851641 0.00462746 0.0069888  0.00648084]]

 [[0.05410196 0.02401902 0.02119516 0.01397999]
  [0.80789987 0.01695944 0.03260184 0.02924271]]]
state : 9
eta : 1
pi2 : [[[0.13219141 0.07921272 0.13441312 0.20865966]
  [0.14094057 0.1125728  0.11658093 0.07542877]]

 [[0.12706808 0.13998521 0.10566718 0.101343  ]
  [0.14780803 0.14925835 0.09331212 0.13555802]]]
state : 9
eta : 5
pi2 : [[[0.13219141 0.07921272 0.13441312 0.20865966]
  [0.14094057 0.1125728  0.11658093 0.07542877]]

 [[0.12706808 0.13998521 0.10566718 0.101343  ]
  [0.14780803 0.14925835 0.09331212 0.13555802]]]
state : 10
eta : 1
pi2 : [[[0.14295843 0.20713177 0.0864702  0.06971235]
  [0.11168359 0.2223692  0.07784955 0.0818249 ]]

 [[0.12109608 0.15245596 0.05800941 0.09922922]
  [0.11476432 0.28120746 0.07829352 0.09494404]]]
state : 10
eta : 5
pi2 : [[[0.14295843 0.20713177 0.0864702  0.06971235]
  [0.11168359 0.2223692  0.07784955 0.0818249 ]]

 [[0.12109608 0.15245596 0.05800941 0.09922922]
  [0.11476432 0.28120746 0.07829352 0.09494404]]]
state : 11
eta : 1
pi2 : [[[0.02486151 0.01969304 0.44492963 0.01090464]
  [0.0215946  0.0231018  0.44492963 0.00998514]]

 [[0.0076629  0.00614174 0.48278529 0.00291218]
  [0.00824267 0.00667533 0.48278529 0.00279459]]]
state : 11
eta : 5
pi2 : [[[0.02486151 0.01969304 0.44492963 0.01090464]
  [0.0215946  0.0231018  0.44492963 0.00998514]]

 [[0.0076629  0.00614174 0.48278529 0.00291218]
  [0.00824267 0.00667533 0.48278529 0.00279459]]]
state : 12
eta : 1
pi2 : [[[0.88375105 0.01242763 0.01102972 0.02027377]
  [0.04571462 0.00820439 0.00778496 0.01081387]]

 [[0.6885105  0.02687933 0.03089206 0.03709841]
  [0.12898579 0.0253402  0.03150337 0.03079034]]]
state : 12
eta : 5
pi2 : [[[0.88375105 0.01242763 0.01102972 0.02027377]
  [0.04571462 0.00820439 0.00778496 0.01081387]]

 [[0.6885105  0.02687933 0.03089206 0.03709841]
  [0.12898579 0.0253402  0.03150337 0.03079034]]]
state : 13
eta : 1
pi2 : [[[0.140527 0.140527 0.078419 0.140527]
  [0.140527 0.140527 0.078419 0.140527]]

 [[0.140527 0.140527 0.078419 0.140527]
  [0.140527 0.140527 0.078419 0.140527]]]
state : 13
eta : 5
pi2 : [[[0.140527 0.140527 0.078419 0.140527]
  [0.140527 0.140527 0.078419 0.140527]]

 [[0.140527 0.140527 0.078419 0.140527]
  [0.140527 0.140527 0.078419 0.140527]]]
state : 14
eta : 1
pi2 : [[[0.140527 0.140527 0.078419 0.140527]
  [0.140527 0.140527 0.078419 0.140527]]

 [[0.140527 0.140527 0.078419 0.140527]
  [0.140527 0.140527 0.078419 0.140527]]]
state : 14
eta : 5
pi2 : [[[0.140527 0.140527 0.078419 0.140527]
  [0.140527 0.140527 0.078419 0.140527]]

 [[0.140527 0.140527 0.078419 0.140527]
  [0.140527 0.140527 0.078419 0.140527]]]
state : 15
eta : 1
pi2 : [[[0.16045851 0.08954149 0.08954149 0.16045851]
  [0.16045851 0.08954149 0.08954149 0.16045851]]

 [[0.16045851 0.08954149 0.08954149 0.16045851]
  [0.16045851 0.08954149 0.08954149 0.16045851]]]
state : 15
eta : 5
pi2 : [[[0.16045851 0.08954149 0.08954149 0.16045851]
  [0.16045851 0.08954149 0.08954149 0.16045851]]

 [[0.16045851 0.08954149 0.08954149 0.16045851]
  [0.16045851 0.08954149 0.08954149 0.16045851]]]
