state : 0
eta : 1
pi2 : [[[0.09571021 0.23146187 0.15214241 0.07175695]
  [0.07024414 0.19886716 0.10681755 0.07299972]]

 [[0.08361185 0.32951045 0.05256411 0.06666446]
  [0.07273487 0.23209911 0.10324444 0.0595707 ]]]
state : 0
eta : 5
pi2 : [[[0.09571021 0.23146187 0.15214241 0.07175695]
  [0.07024414 0.19886716 0.10681755 0.07299972]]

 [[0.08361185 0.32951045 0.05256411 0.06666446]
  [0.07273487 0.23209911 0.10324444 0.0595707 ]]]
state : 1
eta : 1
pi2 : [[[0.05469878 0.19172406 0.09174298 0.07443048]
  [0.05931114 0.19925789 0.26843672 0.06039794]]

 [[0.0639043  0.24130737 0.14274588 0.06629195]
  [0.07434285 0.19031435 0.15703495 0.06405836]]]
state : 1
eta : 5
pi2 : [[[0.05469878 0.19172406 0.09174298 0.07443048]
  [0.05931114 0.19925789 0.26843672 0.06039794]]

 [[0.0639043  0.24130737 0.14274588 0.06629195]
  [0.07434285 0.19031435 0.15703495 0.06405836]]]
state : 2
eta : 1
pi2 : [[[0.06045776 0.12065315 0.20347728 0.06845034]
  [0.05631382 0.23882825 0.16542207 0.08639733]]

 [[0.04734795 0.24446255 0.159173   0.08544513]
  [0.06587101 0.16853355 0.15165889 0.07750793]]]
state : 2
eta : 5
pi2 : [[[0.06045776 0.12065315 0.20347728 0.06845034]
  [0.05631382 0.23882825 0.16542207 0.08639733]]

 [[0.04734795 0.24446255 0.159173   0.08544513]
  [0.06587101 0.16853355 0.15165889 0.07750793]]]
state : 3
eta : 1
pi2 : [[[0.05264835 0.08744812 0.157429   0.05264468]
  [0.07246978 0.06621784 0.45207825 0.05906398]]

 [[0.05079265 0.05074276 0.24136002 0.06409186]
  [0.05832772 0.04447089 0.41127583 0.07893828]]]
state : 3
eta : 5
pi2 : [[[0.05264835 0.08744812 0.157429   0.05264468]
  [0.07246978 0.06621784 0.45207825 0.05906398]]

 [[0.05079265 0.05074276 0.24136002 0.06409186]
  [0.05832772 0.04447089 0.41127583 0.07893828]]]
state : 4
eta : 1
pi2 : [[[0.11488903 0.17703734 0.09280098 0.07014614]
  [0.16616787 0.1756404  0.08967181 0.11364642]]

 [[0.00629974 0.01135774 0.0071214  0.00373404]
  [0.00606665 0.95701211 0.00351448 0.00489385]]]
state : 4
eta : 5
pi2 : [[[0.11488903 0.17703734 0.09280098 0.07014614]
  [0.16616787 0.1756404  0.08967181 0.11364642]]

 [[0.00629974 0.01135774 0.0071214  0.00373404]
  [0.00606665 0.95701211 0.00351448 0.00489385]]]
state : 5
eta : 1
pi2 : [[[0.09878439 0.38239087 0.04228467 0.06494516]
  [0.11100374 0.20622825 0.03159306 0.06276986]]

 [[0.005169   0.96608358 0.00260338 0.00316196]
  [0.00785535 0.00822409 0.00214268 0.00475995]]]
state : 5
eta : 5
pi2 : [[[0.09878439 0.38239087 0.04228467 0.06494516]
  [0.11100374 0.20622825 0.03159306 0.06276986]]

 [[0.005169   0.96608358 0.00260338 0.00316196]
  [0.00785535 0.00822409 0.00214268 0.00475995]]]
state : 6
eta : 1
pi2 : [[[0.00557761 0.03847598 0.00246788 0.00369778]
  [0.00464074 0.93595874 0.00331022 0.00587106]]

 [[0.05260042 0.47675361 0.03163177 0.04904249]
  [0.08677341 0.22059869 0.03276308 0.04983653]]]
state : 6
eta : 5
pi2 : [[[0.00557761 0.03847598 0.00246788 0.00369778]
  [0.00464074 0.93595874 0.00331022 0.00587106]]

 [[0.05260042 0.47675361 0.03163177 0.04904249]
  [0.08677341 0.22059869 0.03276308 0.04983653]]]
state : 7
eta : 1
pi2 : [[[0.01982705 0.0199784  0.14425504 0.0297807 ]
  [0.01790454 0.02730449 0.71968164 0.02126815]]

 [[0.00441652 0.00483495 0.02222257 0.00526314]
  [0.00466611 0.00489289 0.9494192  0.00428463]]]
state : 7
eta : 5
pi2 : [[[0.01982705 0.0199784  0.14425504 0.0297807 ]
  [0.01790454 0.02730449 0.71968164 0.02126815]]

 [[0.00441652 0.00483495 0.02222257 0.00526314]
  [0.00466611 0.00489289 0.9494192  0.00428463]]]
state : 8
eta : 1
pi2 : [[[0.00750873 0.00532764 0.00629701 0.00425184]
  [0.95851867 0.00462722 0.00698841 0.00648048]]

 [[0.05410196 0.02401902 0.02119516 0.01397999]
  [0.80789987 0.01695944 0.03260184 0.02924271]]]
state : 8
eta : 5
pi2 : [[[0.00750873 0.00532764 0.00629701 0.00425184]
  [0.95851867 0.00462722 0.00698841 0.00648048]]

 [[0.05410196 0.02401902 0.02119516 0.01397999]
  [0.80789987 0.01695944 0.03260184 0.02924271]]]
state : 9
eta : 1
pi2 : [[[0.13219141 0.07921272 0.13441312 0.20865966]
  [0.14094057 0.1125728  0.11658093 0.07542877]]

 [[0.12706808 0.13998521 0.10566718 0.101343  ]
  [0.14780803 0.14925835 0.09331212 0.13555802]]]
state : 9
eta : 5
pi2 : [[[0.13219141 0.07921272 0.13441312 0.20865966]
  [0.14094057 0.1125728  0.11658093 0.07542877]]

 [[0.12706808 0.13998521 0.10566718 0.101343  ]
  [0.14780803 0.14925835 0.09331212 0.13555802]]]
state : 10
eta : 1
pi2 : [[[0.14295843 0.20713177 0.0864702  0.06971235]
  [0.11168359 0.2223692  0.07784955 0.0818249 ]]

 [[0.12109608 0.15245596 0.05800941 0.09922922]
  [0.11476432 0.28120746 0.07829352 0.09494404]]]
state : 10
eta : 5
pi2 : [[[0.14295843 0.20713177 0.0864702  0.06971235]
  [0.11168359 0.2223692  0.07784955 0.0818249 ]]

 [[0.12109608 0.15245596 0.05800941 0.09922922]
  [0.11476432 0.28120746 0.07829352 0.09494404]]]
state : 11
eta : 1
pi2 : [[[0.02486151 0.01969304 0.44492963 0.01090464]
  [0.0215946  0.0231018  0.44492963 0.00998514]]

 [[0.0076629  0.00614174 0.48278529 0.00291218]
  [0.00824267 0.00667533 0.48278529 0.00279459]]]
state : 11
eta : 5
pi2 : [[[0.02486151 0.01969304 0.44492963 0.01090464]
  [0.0215946  0.0231018  0.44492963 0.00998514]]

 [[0.0076629  0.00614174 0.48278529 0.00291218]
  [0.00824267 0.00667533 0.48278529 0.00279459]]]
state : 12
eta : 1
pi2 : [[[0.88374683 0.01242803 0.01103007 0.02027447]
  [0.04571654 0.00820465 0.0077852  0.01081421]]

 [[0.68849575 0.02688041 0.0308933  0.03710334]
  [0.12898976 0.02534123 0.03150463 0.03079157]]]
state : 12
eta : 5
pi2 : [[[0.88374683 0.01242803 0.01103007 0.02027447]
  [0.04571654 0.00820465 0.0077852  0.01081421]]

 [[0.68849575 0.02688041 0.0308933  0.03710334]
  [0.12898976 0.02534123 0.03150463 0.03079157]]]
state : 13
eta : 1
pi2 : [[[0.140527 0.140527 0.078419 0.140527]
  [0.140527 0.140527 0.078419 0.140527]]

 [[0.140527 0.140527 0.078419 0.140527]
  [0.140527 0.140527 0.078419 0.140527]]]
state : 13
eta : 5
pi2 : [[[0.140527 0.140527 0.078419 0.140527]
  [0.140527 0.140527 0.078419 0.140527]]

 [[0.140527 0.140527 0.078419 0.140527]
  [0.140527 0.140527 0.078419 0.140527]]]
state : 14
eta : 1
pi2 : [[[0.140527 0.140527 0.078419 0.140527]
  [0.140527 0.140527 0.078419 0.140527]]

 [[0.140527 0.140527 0.078419 0.140527]
  [0.140527 0.140527 0.078419 0.140527]]]
state : 14
eta : 5
pi2 : [[[0.140527 0.140527 0.078419 0.140527]
  [0.140527 0.140527 0.078419 0.140527]]

 [[0.140527 0.140527 0.078419 0.140527]
  [0.140527 0.140527 0.078419 0.140527]]]
state : 15
eta : 1
pi2 : [[[0.16045851 0.08954149 0.08954149 0.16045851]
  [0.16045851 0.08954149 0.08954149 0.16045851]]

 [[0.16045851 0.08954149 0.08954149 0.16045851]
  [0.16045851 0.08954149 0.08954149 0.16045851]]]
state : 15
eta : 5
pi2 : [[[0.16045851 0.08954149 0.08954149 0.16045851]
  [0.16045851 0.08954149 0.08954149 0.16045851]]

 [[0.16045851 0.08954149 0.08954149 0.16045851]
  [0.16045851 0.08954149 0.08954149 0.16045851]]]
