state : 0
eta : 1
pi2 : [[[0.09571021 0.23146187 0.15214241 0.07175695]
  [0.07024414 0.19886716 0.10681755 0.07299972]]

 [[0.08361203 0.32951262 0.0525642  0.06666458]
  [0.07273501 0.23209606 0.1032447  0.0595708 ]]]
state : 0
eta : 5
pi2 : [[[0.09571021 0.23146187 0.15214241 0.07175695]
  [0.07024414 0.19886716 0.10681755 0.07299972]]

 [[0.08361203 0.32951262 0.0525642  0.06666458]
  [0.07273501 0.23209606 0.1032447  0.0595708 ]]]
state : 1
eta : 1
pi2 : [[[0.05469882 0.19172428 0.09174305 0.07443053]
  [0.05931118 0.19925813 0.26843604 0.06039798]]

 [[0.06390385 0.24130867 0.14274615 0.06629189]
  [0.07434207 0.19031503 0.15703532 0.06405702]]]
state : 1
eta : 5
pi2 : [[[0.05469882 0.19172428 0.09174305 0.07443053]
  [0.05931118 0.19925813 0.26843604 0.06039798]]

 [[0.06390385 0.24130867 0.14274615 0.06629189]
  [0.07434207 0.19031503 0.15703532 0.06405702]]]
state : 2
eta : 1
pi2 : [[[0.06045776 0.12065316 0.20347727 0.06845034]
  [0.05631382 0.23882825 0.16542207 0.08639733]]

 [[0.04734795 0.24446255 0.159173   0.08544513]
  [0.06587101 0.16853355 0.15165889 0.07750793]]]
state : 2
eta : 5
pi2 : [[[0.06045776 0.12065316 0.20347727 0.06845034]
  [0.05631382 0.23882825 0.16542207 0.08639733]]

 [[0.04734795 0.24446255 0.159173   0.08544513]
  [0.06587101 0.16853355 0.15165889 0.07750793]]]
state : 3
eta : 1
pi2 : [[[0.05264835 0.08744812 0.157429   0.05264468]
  [0.07246978 0.06621784 0.45207825 0.05906398]]

 [[0.05079265 0.05074276 0.24136002 0.06409186]
  [0.05832772 0.04447089 0.41127583 0.07893828]]]
state : 3
eta : 5
pi2 : [[[0.05264835 0.08744812 0.157429   0.05264468]
  [0.07246978 0.06621784 0.45207825 0.05906398]]

 [[0.05079265 0.05074276 0.24136002 0.06409186]
  [0.05832772 0.04447089 0.41127583 0.07893828]]]
state : 4
eta : 1
pi2 : [[[0.11488903 0.17703734 0.09280098 0.07014614]
  [0.16616787 0.1756404  0.08967181 0.11364642]]

 [[0.00629974 0.01135773 0.00712139 0.00373404]
  [0.00606664 0.95701214 0.00351448 0.00489384]]]
state : 4
eta : 5
pi2 : [[[0.11488903 0.17703734 0.09280098 0.07014614]
  [0.16616787 0.1756404  0.08967181 0.11364642]]

 [[0.00629974 0.01135773 0.00712139 0.00373404]
  [0.00606664 0.95701214 0.00351448 0.00489384]]]
state : 5
eta : 1
pi2 : [[[0.09878439 0.38239087 0.04228467 0.06494516]
  [0.11100374 0.20622825 0.03159306 0.06276986]]

 [[0.00516894 0.96608411 0.00260335 0.00316192]
  [0.00785515 0.00822399 0.00214265 0.00475989]]]
state : 5
eta : 5
pi2 : [[[0.09878439 0.38239087 0.04228467 0.06494516]
  [0.11100374 0.20622825 0.03159306 0.06276986]]

 [[0.00516894 0.96608411 0.00260335 0.00316192]
  [0.00785515 0.00822399 0.00214265 0.00475989]]]
state : 6
eta : 1
pi2 : [[[0.00557802 0.03848201 0.00246807 0.00369805]
  [0.00464108 0.93595082 0.00331046 0.00587149]]

 [[0.05260042 0.47675361 0.03163177 0.04904249]
  [0.08677341 0.22059869 0.03276308 0.04983653]]]
state : 6
eta : 5
pi2 : [[[0.00557802 0.03848201 0.00246807 0.00369805]
  [0.00464108 0.93595082 0.00331046 0.00587149]]

 [[0.05260042 0.47675361 0.03163177 0.04904249]
  [0.08677341 0.22059869 0.03276308 0.04983653]]]
state : 7
eta : 1
pi2 : [[[0.01982689 0.01997823 0.14425311 0.02978044]
  [0.01790439 0.02730426 0.71968471 0.02126797]]

 [[0.00441661 0.00483505 0.02222318 0.00526325]
  [0.00466621 0.00489299 0.949418   0.00428472]]]
state : 7
eta : 5
pi2 : [[[0.01982689 0.01997823 0.14425311 0.02978044]
  [0.01790439 0.02730426 0.71968471 0.02126797]]

 [[0.00441661 0.00483505 0.02222318 0.00526325]
  [0.00466621 0.00489299 0.949418   0.00428472]]]
state : 8
eta : 1
pi2 : [[[0.00750872 0.00532763 0.00629701 0.00425184]
  [0.9585187  0.00462721 0.0069884  0.00648048]]

 [[0.05410196 0.02401902 0.02119516 0.01397999]
  [0.80789987 0.01695944 0.03260184 0.02924271]]]
state : 8
eta : 5
pi2 : [[[0.00750872 0.00532763 0.00629701 0.00425184]
  [0.9585187  0.00462721 0.0069884  0.00648048]]

 [[0.05410196 0.02401902 0.02119516 0.01397999]
  [0.80789987 0.01695944 0.03260184 0.02924271]]]
state : 9
eta : 1
pi2 : [[[0.13219141 0.07921272 0.13441312 0.20865966]
  [0.14094057 0.1125728  0.11658093 0.07542877]]

 [[0.12706808 0.13998521 0.10566718 0.101343  ]
  [0.14780803 0.14925835 0.09331212 0.13555802]]]
state : 9
eta : 5
pi2 : [[[0.13219141 0.07921272 0.13441312 0.20865966]
  [0.14094057 0.1125728  0.11658093 0.07542877]]

 [[0.12706808 0.13998521 0.10566718 0.101343  ]
  [0.14780803 0.14925835 0.09331212 0.13555802]]]
state : 10
eta : 1
pi2 : [[[0.14295843 0.20713177 0.0864702  0.06971235]
  [0.11168359 0.2223692  0.07784955 0.0818249 ]]

 [[0.12109608 0.15245596 0.05800941 0.09922922]
  [0.11476432 0.28120746 0.07829352 0.09494404]]]
state : 10
eta : 5
pi2 : [[[0.14295843 0.20713177 0.0864702  0.06971235]
  [0.11168359 0.2223692  0.07784955 0.0818249 ]]

 [[0.12109608 0.15245596 0.05800941 0.09922922]
  [0.11476432 0.28120746 0.07829352 0.09494404]]]
state : 11
eta : 1
pi2 : [[[0.02486151 0.01969304 0.44492963 0.01090464]
  [0.0215946  0.0231018  0.44492963 0.00998514]]

 [[0.0076629  0.00614174 0.48278529 0.00291218]
  [0.00824267 0.00667533 0.48278529 0.00279459]]]
state : 11
eta : 5
pi2 : [[[0.02486151 0.01969304 0.44492963 0.01090464]
  [0.0215946  0.0231018  0.44492963 0.00998514]]

 [[0.0076629  0.00614174 0.48278529 0.00291218]
  [0.00824267 0.00667533 0.48278529 0.00279459]]]
state : 12
eta : 1
pi2 : [[[0.88375054 0.01242772 0.01102976 0.02027385]
  [0.0457148  0.00820443 0.00778499 0.01081391]]

 [[0.68850044 0.02688007 0.03089291 0.03710178]
  [0.12898849 0.0253409  0.03150423 0.03079118]]]
state : 12
eta : 5
pi2 : [[[0.88375054 0.01242772 0.01102976 0.02027385]
  [0.0457148  0.00820443 0.00778499 0.01081391]]

 [[0.68850044 0.02688007 0.03089291 0.03710178]
  [0.12898849 0.0253409  0.03150423 0.03079118]]]
state : 13
eta : 1
pi2 : [[[0.140527 0.140527 0.078419 0.140527]
  [0.140527 0.140527 0.078419 0.140527]]

 [[0.140527 0.140527 0.078419 0.140527]
  [0.140527 0.140527 0.078419 0.140527]]]
state : 13
eta : 5
pi2 : [[[0.140527 0.140527 0.078419 0.140527]
  [0.140527 0.140527 0.078419 0.140527]]

 [[0.140527 0.140527 0.078419 0.140527]
  [0.140527 0.140527 0.078419 0.140527]]]
state : 14
eta : 1
pi2 : [[[0.140527 0.140527 0.078419 0.140527]
  [0.140527 0.140527 0.078419 0.140527]]

 [[0.140527 0.140527 0.078419 0.140527]
  [0.140527 0.140527 0.078419 0.140527]]]
state : 14
eta : 5
pi2 : [[[0.140527 0.140527 0.078419 0.140527]
  [0.140527 0.140527 0.078419 0.140527]]

 [[0.140527 0.140527 0.078419 0.140527]
  [0.140527 0.140527 0.078419 0.140527]]]
state : 15
eta : 1
pi2 : [[[0.16045851 0.08954149 0.08954149 0.16045851]
  [0.16045851 0.08954149 0.08954149 0.16045851]]

 [[0.16045851 0.08954149 0.08954149 0.16045851]
  [0.16045851 0.08954149 0.08954149 0.16045851]]]
state : 15
eta : 5
pi2 : [[[0.16045851 0.08954149 0.08954149 0.16045851]
  [0.16045851 0.08954149 0.08954149 0.16045851]]

 [[0.16045851 0.08954149 0.08954149 0.16045851]
  [0.16045851 0.08954149 0.08954149 0.16045851]]]
