state : 0
eta : 1
pi2 : [[[0.04995111 0.21736115 0.07856798 0.06351825]
  [0.0512939  0.3724708  0.11860568 0.04823114]]

 [[0.05730254 0.32829809 0.07454177 0.07479796]
  [0.04539077 0.25310517 0.12155399 0.0450097 ]]]
state : 0
eta : 5
pi2 : [[[0.04995111 0.21736115 0.07856798 0.06351825]
  [0.0512939  0.3724708  0.11860568 0.04823114]]

 [[0.05730254 0.32829809 0.07454177 0.07479796]
  [0.04539077 0.25310517 0.12155399 0.0450097 ]]]
state : 1
eta : 1
pi2 : [[[0.03601314 0.27572544 0.0883564  0.05006328]
  [0.04199356 0.39334095 0.07228392 0.04222332]]

 [[0.04258358 0.43482978 0.07415602 0.05409543]
  [0.04318268 0.1570246  0.12419432 0.06993359]]]
state : 1
eta : 5
pi2 : [[[0.03601314 0.27572544 0.0883564  0.05006328]
  [0.04199356 0.39334095 0.07228392 0.04222332]]

 [[0.04258358 0.43482978 0.07415602 0.05409543]
  [0.04318268 0.1570246  0.12419432 0.06993359]]]
state : 2
eta : 1
pi2 : [[[0.04269145 0.33665361 0.05793282 0.05277622]
  [0.04049689 0.30864242 0.12290197 0.03790462]]

 [[0.03966124 0.24309826 0.08868386 0.06247797]
  [0.04426186 0.20097568 0.27102808 0.04981306]]]
state : 2
eta : 5
pi2 : [[[0.04269145 0.33665361 0.05793282 0.05277622]
  [0.04049689 0.30864242 0.12290197 0.03790462]]

 [[0.03966124 0.24309826 0.08868386 0.06247797]
  [0.04426186 0.20097568 0.27102808 0.04981306]]]
state : 3
eta : 1
pi2 : [[[0.04536298 0.04865124 0.5198922  0.05143386]
  [0.05908388 0.04201005 0.18388199 0.0496838 ]]

 [[0.03998227 0.04224581 0.1961785  0.05388124]
  [0.04440467 0.04314168 0.52388562 0.05628022]]]
state : 3
eta : 5
pi2 : [[[0.04536298 0.04865124 0.5198922  0.05143386]
  [0.05908388 0.04201005 0.18388199 0.0496838 ]]

 [[0.03998227 0.04224581 0.1961785  0.05388124]
  [0.04440467 0.04314168 0.52388562 0.05628022]]]
state : 4
eta : 1
pi2 : [[[0.08394334 0.16940434 0.06266843 0.05909046]
  [0.12242362 0.39949815 0.05273099 0.05024065]]

 [[0.03384139 0.17001955 0.01317876 0.01421097]
  [0.02666775 0.71625094 0.00967612 0.01615452]]]
state : 4
eta : 5
pi2 : [[[0.08394334 0.16940434 0.06266843 0.05909046]
  [0.12242362 0.39949815 0.05273099 0.05024065]]

 [[0.03384139 0.17001955 0.01317876 0.01421097]
  [0.02666775 0.71625094 0.00967612 0.01615452]]]
state : 5
eta : 1
pi2 : [[[0.04890489 0.16861148 0.0169998  0.03183117]
  [0.04656335 0.63260065 0.01403553 0.04045312]]

 [[0.02262178 0.18009301 0.00936055 0.01356561]
  [0.02802748 0.7162119  0.00880962 0.02131006]]]
state : 5
eta : 5
pi2 : [[[0.04890489 0.16861148 0.0169998  0.03183117]
  [0.04656335 0.63260065 0.01403553 0.04045312]]

 [[0.02262178 0.18009301 0.00936055 0.01356561]
  [0.02802748 0.7162119  0.00880962 0.02131006]]]
state : 6
eta : 1
pi2 : [[[0.04282726 0.68563263 0.0146473  0.02194447]
  [0.03393943 0.15864915 0.01637711 0.02598265]]

 [[0.02043175 0.4863274  0.00911306 0.0109797 ]
  [0.01864831 0.42998661 0.00920194 0.01531122]]]
state : 6
eta : 5
pi2 : [[[0.04282726 0.68563263 0.0146473  0.02194447]
  [0.03393943 0.15864915 0.01637711 0.02598265]]

 [[0.02043175 0.4863274  0.00911306 0.0109797 ]
  [0.01864831 0.42998661 0.00920194 0.01531122]]]
state : 7
eta : 1
pi2 : [[[0.01300534 0.01340568 0.66450555 0.01098316]
  [0.01304837 0.01308052 0.26040854 0.01156283]]

 [[0.02212743 0.02005931 0.21157049 0.01514942]
  [0.02229343 0.02154335 0.669844   0.01741257]]]
state : 7
eta : 5
pi2 : [[[0.01300534 0.01340568 0.66450555 0.01098316]
  [0.01304837 0.01308052 0.26040854 0.01156283]]

 [[0.02212743 0.02005931 0.21157049 0.01514942]
  [0.02229343 0.02154335 0.669844   0.01741257]]]
state : 8
eta : 1
pi2 : [[[0.01468152 0.00766677 0.01037396 0.00523122]
  [0.94217058 0.00629826 0.00774828 0.00582941]]

 [[0.51793627 0.03817225 0.05142475 0.04701497]
  [0.24326453 0.0368014  0.03800776 0.02737806]]]
state : 8
eta : 5
pi2 : [[[0.01468152 0.00766677 0.01037396 0.00523122]
  [0.94217058 0.00629826 0.00774828 0.00582941]]

 [[0.51793627 0.03817225 0.05142475 0.04701497]
  [0.24326453 0.0368014  0.03800776 0.02737806]]]
state : 9
eta : 1
pi2 : [[[0.11051363 0.11081249 0.06528504 0.1358968 ]
  [0.11801391 0.16715934 0.11196655 0.18035224]]

 [[0.17818426 0.10852176 0.10008026 0.15589352]
  [0.12851551 0.09926654 0.07142025 0.1581179 ]]]
state : 9
eta : 5
pi2 : [[[0.11051363 0.11081249 0.06528504 0.1358968 ]
  [0.11801391 0.16715934 0.11196655 0.18035224]]

 [[0.17818426 0.10852176 0.10008026 0.15589352]
  [0.12851551 0.09926654 0.07142025 0.1581179 ]]]
state : 10
eta : 1
pi2 : [[[0.12609079 0.23351449 0.09011286 0.07723847]
  [0.15419275 0.13779707 0.11303121 0.06802236]]

 [[0.107103   0.17352754 0.06436809 0.09001779]
  [0.11519967 0.30134286 0.06732951 0.08111154]]]
state : 10
eta : 5
pi2 : [[[0.12609079 0.23351449 0.09011286 0.07723847]
  [0.15419275 0.13779707 0.11303121 0.06802236]]

 [[0.107103   0.17352754 0.06436809 0.09001779]
  [0.11519967 0.30134286 0.06732951 0.08111154]]]
state : 11
eta : 1
pi2 : [[[0.01461975 0.01419312 0.46764551 0.00468649]
  [0.01404105 0.01234936 0.46764551 0.0048192 ]]

 [[0.01619117 0.01440823 0.46396189 0.00584405]
  [0.01432398 0.01513454 0.46396189 0.00617425]]]
state : 11
eta : 5
pi2 : [[[0.01461975 0.01419312 0.46764551 0.00468649]
  [0.01404105 0.01234936 0.46764551 0.0048192 ]]

 [[0.01619117 0.01440823 0.46396189 0.00584405]
  [0.01432398 0.01513454 0.46396189 0.00617425]]]
state : 12
eta : 1
pi2 : [[[0.9295721  0.00992837 0.01556532 0.00968016]
  [0.01180279 0.00663705 0.00782433 0.00898987]]

 [[0.11350917 0.04266812 0.04421146 0.22306588]
  [0.43468021 0.04297739 0.04761124 0.05127654]]]
state : 12
eta : 5
pi2 : [[[0.9295721  0.00992837 0.01556532 0.00968016]
  [0.01180279 0.00663705 0.00782433 0.00898987]]

 [[0.11350917 0.04266812 0.04421146 0.22306588]
  [0.43468021 0.04297739 0.04761124 0.05127654]]]
state : 13
eta : 1
pi2 : [[[0.140527 0.140527 0.078419 0.140527]
  [0.140527 0.140527 0.078419 0.140527]]

 [[0.140527 0.140527 0.078419 0.140527]
  [0.140527 0.140527 0.078419 0.140527]]]
state : 13
eta : 5
pi2 : [[[0.140527 0.140527 0.078419 0.140527]
  [0.140527 0.140527 0.078419 0.140527]]

 [[0.140527 0.140527 0.078419 0.140527]
  [0.140527 0.140527 0.078419 0.140527]]]
state : 14
eta : 1
pi2 : [[[0.140527 0.140527 0.078419 0.140527]
  [0.140527 0.140527 0.078419 0.140527]]

 [[0.140527 0.140527 0.078419 0.140527]
  [0.140527 0.140527 0.078419 0.140527]]]
state : 14
eta : 5
pi2 : [[[0.140527 0.140527 0.078419 0.140527]
  [0.140527 0.140527 0.078419 0.140527]]

 [[0.140527 0.140527 0.078419 0.140527]
  [0.140527 0.140527 0.078419 0.140527]]]
state : 15
eta : 1
pi2 : [[[0.16045851 0.08954149 0.08954149 0.16045851]
  [0.16045851 0.08954149 0.08954149 0.16045851]]

 [[0.16045851 0.08954149 0.08954149 0.16045851]
  [0.16045851 0.08954149 0.08954149 0.16045851]]]
state : 15
eta : 5
pi2 : [[[0.16045851 0.08954149 0.08954149 0.16045851]
  [0.16045851 0.08954149 0.08954149 0.16045851]]

 [[0.16045851 0.08954149 0.08954149 0.16045851]
  [0.16045851 0.08954149 0.08954149 0.16045851]]]
