state : 0
eta : 1
pi2 : [[[0.08302435 0.21959093 0.1394717  0.06614475]
  [0.0660613  0.12505622 0.24217029 0.05848045]]

 [[0.07081475 0.35525601 0.05943494 0.06169073]
  [0.1059752  0.09734272 0.1001802  0.14930545]]]
state : 0
eta : 5
pi2 : [[[0.08302435 0.21959093 0.1394717  0.06614475]
  [0.0660613  0.12505622 0.24217029 0.05848045]]

 [[0.07081475 0.35525601 0.05943494 0.06169073]
  [0.1059752  0.09734272 0.1001802  0.14930545]]]
state : 1
eta : 1
pi2 : [[[0.02598313 0.29127939 0.05279931 0.07279718]
  [0.03390663 0.2977195  0.17268437 0.05283048]]

 [[0.05175645 0.1057137  0.28148921 0.03400474]
  [0.05234094 0.2491729  0.12465921 0.10086288]]]
state : 1
eta : 5
pi2 : [[[0.02598313 0.29127939 0.05279931 0.07279718]
  [0.03390663 0.2977195  0.17268437 0.05283048]]

 [[0.05175645 0.1057137  0.28148921 0.03400474]
  [0.05234094 0.2491729  0.12465921 0.10086288]]]
state : 2
eta : 1
pi2 : [[[0.04914714 0.03890953 0.38712043 0.13937252]
  [0.03171186 0.08968416 0.17565186 0.0884025 ]]

 [[0.0272093  0.14958652 0.07865535 0.04710965]
  [0.04438244 0.09234857 0.51564933 0.04505885]]]
state : 2
eta : 5
pi2 : [[[0.04914714 0.03890953 0.38712043 0.13937252]
  [0.03171186 0.08968416 0.17565186 0.0884025 ]]

 [[0.0272093  0.14958652 0.07865535 0.04710965]
  [0.04438244 0.09234857 0.51564933 0.04505885]]]
state : 3
eta : 1
pi2 : [[[0.03611573 0.01939128 0.49416703 0.03600139]
  [0.04508241 0.03456553 0.20016615 0.13451049]]

 [[0.18424551 0.06972898 0.23701327 0.07723325]
  [0.07586867 0.06691218 0.19609246 0.09290569]]]
state : 3
eta : 5
pi2 : [[[0.03611573 0.01939128 0.49416703 0.03600139]
  [0.04508241 0.03456553 0.20016615 0.13451049]]

 [[0.18424551 0.06972898 0.23701327 0.07723325]
  [0.07586867 0.06691218 0.19609246 0.09290569]]]
state : 4
eta : 1
pi2 : [[[0.00313899 0.97500752 0.00485505 0.00248444]
  [0.00230204 0.00711818 0.00322152 0.00187227]]

 [[0.02504651 0.5766474  0.08961627 0.06305185]
  [0.03864156 0.12324872 0.0389226  0.04482508]]]
state : 4
eta : 5
pi2 : [[[0.00313899 0.97500752 0.00485505 0.00248444]
  [0.00230204 0.00711818 0.00322152 0.00187227]]

 [[0.02504651 0.5766474  0.08961627 0.06305185]
  [0.03864156 0.12324872 0.0389226  0.04482508]]]
state : 5
eta : 1
pi2 : [[[0.00466354 0.03078808 0.00437934 0.0115327 ]
  [0.00444206 0.93506759 0.00450998 0.00461672]]

 [[0.01069295 0.89832609 0.01798656 0.00793956]
  [0.01300944 0.01948016 0.01886903 0.01369621]]]
state : 5
eta : 5
pi2 : [[[0.00466354 0.03078808 0.00437934 0.0115327 ]
  [0.00444206 0.93506759 0.00450998 0.00461672]]

 [[0.01069295 0.89832609 0.01798656 0.00793956]
  [0.01300944 0.01948016 0.01886903 0.01369621]]]
state : 6
eta : 1
pi2 : [[[0.02674866 0.53921726 0.02072048 0.02097828]
  [0.02405773 0.3240419  0.01741193 0.02682375]]

 [[0.00401305 0.9684697  0.00289069 0.00328829]
  [0.00327568 0.0111978  0.0036707  0.00319409]]]
state : 6
eta : 5
pi2 : [[[0.02674866 0.53921726 0.02072048 0.02097828]
  [0.02405773 0.3240419  0.01741193 0.02682375]]

 [[0.00401305 0.9684697  0.00289069 0.00328829]
  [0.00327568 0.0111978  0.0036707  0.00319409]]]
state : 7
eta : 1
pi2 : [[[1.28924071e-03 1.21951635e-03 9.82333902e-01 1.23968916e-03]
  [1.56502493e-03 9.31840581e-04 9.29837777e-03 2.12240828e-03]]

 [[1.38505107e-02 1.50400803e-02 6.45186424e-02 9.72166029e-03]
  [1.20259594e-02 1.21164739e-02 8.62670840e-01 1.00558328e-02]]]
state : 7
eta : 5
pi2 : [[[1.28924071e-03 1.21951635e-03 9.82333902e-01 1.23968916e-03]
  [1.56502493e-03 9.31840581e-04 9.29837777e-03 2.12240828e-03]]

 [[1.38505107e-02 1.50400803e-02 6.45186424e-02 9.72166029e-03]
  [1.20259594e-02 1.21164739e-02 8.62670840e-01 1.00558328e-02]]]
state : 8
eta : 1
pi2 : [[[0.96643421 0.00330273 0.00277154 0.00140988]
  [0.00386457 0.01931507 0.00189364 0.00100835]]

 [[0.21866168 0.04597341 0.02258807 0.11057043]
  [0.1303445  0.42592906 0.02071473 0.02521811]]]
state : 8
eta : 5
pi2 : [[[0.96643421 0.00330273 0.00277154 0.00140988]
  [0.00386457 0.01931507 0.00189364 0.00100835]]

 [[0.21866168 0.04597341 0.02258807 0.11057043]
  [0.1303445  0.42592906 0.02071473 0.02521811]]]
state : 9
eta : 1
pi2 : [[[0.01848698 0.09699654 0.00721441 0.0399184 ]
  [0.063228   0.7362119  0.01027478 0.02766898]]

 [[0.01858123 0.01001381 0.0128541  0.02767493]
  [0.0639121  0.8481403  0.00642213 0.01240141]]]
state : 9
eta : 5
pi2 : [[[0.01848698 0.09699654 0.00721441 0.0399184 ]
  [0.063228   0.7362119  0.01027478 0.02766898]]

 [[0.01858123 0.01001381 0.0128541  0.02767493]
  [0.0639121  0.8481403  0.00642213 0.01240141]]]
state : 10
eta : 1
pi2 : [[[0.03252828 0.16585198 0.00998378 0.02358451]
  [0.05753113 0.6382275  0.01438243 0.05791039]]

 [[0.02205435 0.7385904  0.00935547 0.00835708]
  [0.01768007 0.18584232 0.00785064 0.01026967]]]
state : 10
eta : 5
pi2 : [[[0.03252828 0.16585198 0.00998378 0.02358451]
  [0.05753113 0.6382275  0.01438243 0.05791039]]

 [[0.02205435 0.7385904  0.00935547 0.00835708]
  [0.01768007 0.18584232 0.00785064 0.01026967]]]
state : 11
eta : 1
pi2 : [[[1.40127327e-03 5.95971045e-04 9.89474841e-01 6.43022075e-04]
  [9.28083382e-04 6.47327282e-04 5.61433857e-03 6.95143577e-04]]

 [[6.33909801e-03 6.92324443e-03 9.38047168e-01 2.58103826e-03]
  [4.69737730e-03 5.16823263e-03 3.21956731e-02 4.04816801e-03]]]
state : 11
eta : 5
pi2 : [[[1.40127327e-03 5.95971045e-04 9.89474841e-01 6.43022075e-04]
  [9.28083382e-04 6.47327282e-04 5.61433857e-03 6.95143577e-04]]

 [[6.33909801e-03 6.92324443e-03 9.38047168e-01 2.58103826e-03]
  [4.69737730e-03 5.16823263e-03 3.21956731e-02 4.04816801e-03]]]
state : 12
eta : 1
pi2 : [[[0.21281682 0.00447648 0.00569217 0.01889226]
  [0.73855456 0.00279803 0.00581342 0.01095627]]

 [[0.02191355 0.03117245 0.03882516 0.0297601 ]
  [0.6667952  0.06971147 0.03517318 0.10664889]]]
state : 12
eta : 5
pi2 : [[[0.21281682 0.00447648 0.00569217 0.01889226]
  [0.73855456 0.00279803 0.00581342 0.01095627]]

 [[0.02191355 0.03117245 0.03882516 0.0297601 ]
  [0.6667952  0.06971147 0.03517318 0.10664889]]]
state : 13
eta : 1
pi2 : [[[0.140527 0.140527 0.078419 0.140527]
  [0.140527 0.140527 0.078419 0.140527]]

 [[0.140527 0.140527 0.078419 0.140527]
  [0.140527 0.140527 0.078419 0.140527]]]
state : 13
eta : 5
pi2 : [[[0.140527 0.140527 0.078419 0.140527]
  [0.140527 0.140527 0.078419 0.140527]]

 [[0.140527 0.140527 0.078419 0.140527]
  [0.140527 0.140527 0.078419 0.140527]]]
state : 14
eta : 1
pi2 : [[[0.140527 0.140527 0.078419 0.140527]
  [0.140527 0.140527 0.078419 0.140527]]

 [[0.140527 0.140527 0.078419 0.140527]
  [0.140527 0.140527 0.078419 0.140527]]]
state : 14
eta : 5
pi2 : [[[0.140527 0.140527 0.078419 0.140527]
  [0.140527 0.140527 0.078419 0.140527]]

 [[0.140527 0.140527 0.078419 0.140527]
  [0.140527 0.140527 0.078419 0.140527]]]
state : 15
eta : 1
pi2 : [[[0.16045851 0.08954149 0.08954149 0.16045851]
  [0.16045851 0.08954149 0.08954149 0.16045851]]

 [[0.16045851 0.08954149 0.08954149 0.16045851]
  [0.16045851 0.08954149 0.08954149 0.16045851]]]
state : 15
eta : 5
pi2 : [[[0.16045851 0.08954149 0.08954149 0.16045851]
  [0.16045851 0.08954149 0.08954149 0.16045851]]

 [[0.16045851 0.08954149 0.08954149 0.16045851]
  [0.16045851 0.08954149 0.08954149 0.16045851]]]
