state : 0
eta : 1
pi2 : [[[0.08302435 0.21959093 0.1394717  0.06614475]
  [0.0660613  0.12505622 0.24217029 0.05848045]]

 [[0.07081475 0.35525601 0.05943494 0.06169073]
  [0.1059752  0.09734272 0.1001802  0.14930545]]]
state : 0
eta : 5
pi2 : [[[0.08302435 0.21959093 0.1394717  0.06614475]
  [0.0660613  0.12505622 0.24217029 0.05848045]]

 [[0.07081475 0.35525601 0.05943494 0.06169073]
  [0.1059752  0.09734272 0.1001802  0.14930545]]]
state : 1
eta : 1
pi2 : [[[0.02598313 0.29127939 0.05279931 0.07279718]
  [0.03390663 0.2977195  0.17268437 0.05283048]]

 [[0.05175645 0.1057137  0.28148921 0.03400474]
  [0.05234094 0.2491729  0.12465921 0.10086288]]]
state : 1
eta : 5
pi2 : [[[0.02598313 0.29127939 0.05279931 0.07279718]
  [0.03390663 0.2977195  0.17268437 0.05283048]]

 [[0.05175645 0.1057137  0.28148921 0.03400474]
  [0.05234094 0.2491729  0.12465921 0.10086288]]]
state : 2
eta : 1
pi2 : [[[0.04914714 0.03890953 0.38712043 0.13937252]
  [0.03171186 0.08968416 0.17565186 0.0884025 ]]

 [[0.0272093  0.14958652 0.07865535 0.04710965]
  [0.04438244 0.09234857 0.51564933 0.04505885]]]
state : 2
eta : 5
pi2 : [[[0.04914714 0.03890953 0.38712043 0.13937252]
  [0.03171186 0.08968416 0.17565186 0.0884025 ]]

 [[0.0272093  0.14958652 0.07865535 0.04710965]
  [0.04438244 0.09234857 0.51564933 0.04505885]]]
state : 3
eta : 1
pi2 : [[[0.03611573 0.01939128 0.49416703 0.03600139]
  [0.04508241 0.03456553 0.20016615 0.13451049]]

 [[0.18424551 0.06972898 0.23701327 0.07723325]
  [0.07586867 0.06691218 0.19609246 0.09290569]]]
state : 3
eta : 5
pi2 : [[[0.03611573 0.01939128 0.49416703 0.03600139]
  [0.04508241 0.03456553 0.20016615 0.13451049]]

 [[0.18424551 0.06972898 0.23701327 0.07723325]
  [0.07586867 0.06691218 0.19609246 0.09290569]]]
state : 4
eta : 1
pi2 : [[[0.0031388  0.97500913 0.00485473 0.00248429]
  [0.0023019  0.00711767 0.00322132 0.00187216]]

 [[0.02504651 0.5766474  0.08961627 0.06305185]
  [0.03864156 0.12324872 0.0389226  0.04482508]]]
state : 4
eta : 5
pi2 : [[[0.0031388  0.97500913 0.00485473 0.00248429]
  [0.0023019  0.00711767 0.00322132 0.00187216]]

 [[0.02504651 0.5766474  0.08961627 0.06305185]
  [0.03864156 0.12324872 0.0389226  0.04482508]]]
state : 5
eta : 1
pi2 : [[[0.00466294 0.03078251 0.00437878 0.01153106]
  [0.00444149 0.9350777  0.0045094  0.00461613]]

 [[0.01069295 0.89832609 0.01798656 0.00793956]
  [0.01300944 0.01948016 0.01886903 0.01369621]]]
state : 5
eta : 5
pi2 : [[[0.00466294 0.03078251 0.00437878 0.01153106]
  [0.00444149 0.9350777  0.0045094  0.00461613]]

 [[0.01069295 0.89832609 0.01798656 0.00793956]
  [0.01300944 0.01948016 0.01886903 0.01369621]]]
state : 6
eta : 1
pi2 : [[[0.02674868 0.53921324 0.0207205  0.0209783 ]
  [0.02405775 0.32404581 0.01741195 0.02682377]]

 [[0.00401294 0.96847058 0.00289061 0.00328821]
  [0.00327559 0.01119744 0.00367061 0.00319401]]]
state : 6
eta : 5
pi2 : [[[0.02674868 0.53921324 0.0207205  0.0209783 ]
  [0.02405775 0.32404581 0.01741195 0.02682377]]

 [[0.00401294 0.96847058 0.00289061 0.00328821]
  [0.00327559 0.01119744 0.00367061 0.00319401]]]
state : 7
eta : 1
pi2 : [[[1.28927077e-03 1.21954476e-03 9.82333444e-01 1.23973982e-03]
  [1.56506157e-03 9.31862200e-04 9.29861901e-03 2.12245835e-03]]

 [[1.38504953e-02 1.50400633e-02 6.45185416e-02 9.72164978e-03]
  [1.20259462e-02 1.21164605e-02 8.62671021e-01 1.00558219e-02]]]
state : 7
eta : 5
pi2 : [[[1.28927077e-03 1.21954476e-03 9.82333444e-01 1.23973982e-03]
  [1.56506157e-03 9.31862200e-04 9.29861901e-03 2.12245835e-03]]

 [[1.38504953e-02 1.50400633e-02 6.45185416e-02 9.72164978e-03]
  [1.20259462e-02 1.21164605e-02 8.62671021e-01 1.00558219e-02]]]
state : 8
eta : 1
pi2 : [[[0.96643792 0.00330244 0.0027713  0.00140976]
  [0.00386423 0.01931259 0.00189348 0.00100827]]

 [[0.21866132 0.04597341 0.02258809 0.11057133]
  [0.13034417 0.42592869 0.02071474 0.02521825]]]
state : 8
eta : 5
pi2 : [[[0.96643792 0.00330244 0.0027713  0.00140976]
  [0.00386423 0.01931259 0.00189348 0.00100827]]

 [[0.21866132 0.04597341 0.02258809 0.11057133]
  [0.13034417 0.42592869 0.02071474 0.02521825]]]
state : 9
eta : 1
pi2 : [[[0.01848698 0.09699654 0.00721441 0.0399184 ]
  [0.063228   0.7362119  0.01027478 0.02766898]]

 [[0.01858121 0.01001379 0.01285409 0.02767489]
  [0.063912   0.8481405  0.00642213 0.01240139]]]
state : 9
eta : 5
pi2 : [[[0.01848698 0.09699654 0.00721441 0.0399184 ]
  [0.063228   0.7362119  0.01027478 0.02766898]]

 [[0.01858121 0.01001379 0.01285409 0.02767489]
  [0.063912   0.8481405  0.00642213 0.01240139]]]
state : 10
eta : 1
pi2 : [[[0.03252828 0.16585198 0.00998378 0.02358451]
  [0.05753113 0.6382275  0.01438243 0.05791039]]

 [[0.02205435 0.7385904  0.00935547 0.00835708]
  [0.01768007 0.18584232 0.00785064 0.01026967]]]
state : 10
eta : 5
pi2 : [[[0.03252828 0.16585198 0.00998378 0.02358451]
  [0.05753113 0.6382275  0.01438243 0.05791039]]

 [[0.02205435 0.7385904  0.00935547 0.00835708]
  [0.01768007 0.18584232 0.00785064 0.01026967]]]
state : 11
eta : 1
pi2 : [[[1.40127626e-03 5.95972232e-04 9.89474814e-01 6.43023361e-04]
  [9.28085286e-04 6.47328577e-04 5.61435486e-03 6.95144974e-04]]

 [[6.33914253e-03 6.92329350e-03 9.38046644e-01 2.58105531e-03]
  [4.69740943e-03 5.16826825e-03 3.21959916e-02 4.04819541e-03]]]
state : 11
eta : 5
pi2 : [[[1.40127626e-03 5.95972232e-04 9.89474814e-01 6.43023361e-04]
  [9.28085286e-04 6.47328577e-04 5.61435486e-03 6.95144974e-04]]

 [[6.33914253e-03 6.92329350e-03 9.38046644e-01 2.58105531e-03]
  [4.69740943e-03 5.16826825e-03 3.21959916e-02 4.04819541e-03]]]
state : 12
eta : 1
pi2 : [[[0.21281479 0.00447646 0.00569214 0.01889217]
  [0.73855679 0.00279802 0.00581339 0.01095622]]

 [[0.02191352 0.0311724  0.0388251  0.02976005]
  [0.6667958  0.06971134 0.03517313 0.10664867]]]
state : 12
eta : 5
pi2 : [[[0.21281479 0.00447646 0.00569214 0.01889217]
  [0.73855679 0.00279802 0.00581339 0.01095622]]

 [[0.02191352 0.0311724  0.0388251  0.02976005]
  [0.6667958  0.06971134 0.03517313 0.10664867]]]
state : 13
eta : 1
pi2 : [[[0.140527 0.140527 0.078419 0.140527]
  [0.140527 0.140527 0.078419 0.140527]]

 [[0.140527 0.140527 0.078419 0.140527]
  [0.140527 0.140527 0.078419 0.140527]]]
state : 13
eta : 5
pi2 : [[[0.140527 0.140527 0.078419 0.140527]
  [0.140527 0.140527 0.078419 0.140527]]

 [[0.140527 0.140527 0.078419 0.140527]
  [0.140527 0.140527 0.078419 0.140527]]]
state : 14
eta : 1
pi2 : [[[0.140527 0.140527 0.078419 0.140527]
  [0.140527 0.140527 0.078419 0.140527]]

 [[0.140527 0.140527 0.078419 0.140527]
  [0.140527 0.140527 0.078419 0.140527]]]
state : 14
eta : 5
pi2 : [[[0.140527 0.140527 0.078419 0.140527]
  [0.140527 0.140527 0.078419 0.140527]]

 [[0.140527 0.140527 0.078419 0.140527]
  [0.140527 0.140527 0.078419 0.140527]]]
state : 15
eta : 1
pi2 : [[[0.16045851 0.08954149 0.08954149 0.16045851]
  [0.16045851 0.08954149 0.08954149 0.16045851]]

 [[0.16045851 0.08954149 0.08954149 0.16045851]
  [0.16045851 0.08954149 0.08954149 0.16045851]]]
state : 15
eta : 5
pi2 : [[[0.16045851 0.08954149 0.08954149 0.16045851]
  [0.16045851 0.08954149 0.08954149 0.16045851]]

 [[0.16045851 0.08954149 0.08954149 0.16045851]
  [0.16045851 0.08954149 0.08954149 0.16045851]]]
