state : 0
eta : 1
pi2 : [[[0.07109173 0.41941217 0.07514594 0.06430721]
  [0.04748096 0.18406604 0.08674459 0.05175137]]

 [[0.05709255 0.41098174 0.09809111 0.04504679]
  [0.05380812 0.18556565 0.09479649 0.05461754]]]
state : 0
eta : 5
pi2 : [[[0.07109173 0.41941217 0.07514594 0.06430721]
  [0.04748096 0.18406604 0.08674459 0.05175137]]

 [[0.05709255 0.41098174 0.09809111 0.04504679]
  [0.05380812 0.18556565 0.09479649 0.05461754]]]
state : 1
eta : 1
pi2 : [[[0.03826261 0.15359401 0.05603281 0.04880507]
  [0.04150033 0.55464405 0.06003373 0.04712738]]

 [[0.05655575 0.23943311 0.0730604  0.06920497]
  [0.05087471 0.33415113 0.11478325 0.06193668]]]
state : 1
eta : 5
pi2 : [[[0.03826261 0.15359401 0.05603281 0.04880507]
  [0.04150033 0.55464405 0.06003373 0.04712738]]

 [[0.05655575 0.23943311 0.0730604  0.06920497]
  [0.05087471 0.33415113 0.11478325 0.06193668]]]
state : 2
eta : 1
pi2 : [[[0.06039616 0.2981307  0.12502871 0.05931937]
  [0.05315947 0.23196516 0.11406087 0.05793955]]

 [[0.03743847 0.42439076 0.10416    0.05358221]
  [0.05098554 0.20382148 0.08005522 0.04556633]]]
state : 2
eta : 5
pi2 : [[[0.06039616 0.2981307  0.12502871 0.05931937]
  [0.05315947 0.23196516 0.11406087 0.05793955]]

 [[0.03743847 0.42439076 0.10416    0.05358221]
  [0.05098554 0.20382148 0.08005522 0.04556633]]]
state : 3
eta : 1
pi2 : [[[0.05296616 0.04380359 0.18791586 0.05389548]
  [0.04696401 0.03979926 0.5222042  0.05245145]]

 [[0.05909739 0.04998483 0.29516225 0.06248254]
  [0.05586538 0.04576087 0.37173715 0.05990959]]]
state : 3
eta : 5
pi2 : [[[0.05296616 0.04380359 0.18791586 0.05389548]
  [0.04696401 0.03979926 0.5222042  0.05245145]]

 [[0.05909739 0.04998483 0.29516225 0.06248254]
  [0.05586538 0.04576087 0.37173715 0.05990959]]]
state : 4
eta : 1
pi2 : [[[0.15464148 0.16686207 0.04729937 0.04569147]
  [0.14291178 0.3416563  0.04585938 0.05507815]]

 [[0.08328798 0.1172554  0.02695297 0.02488966]
  [0.05072217 0.63762763 0.03167296 0.02759124]]]
state : 4
eta : 5
pi2 : [[[0.15464148 0.16686207 0.04729937 0.04569147]
  [0.14291178 0.3416563  0.04585938 0.05507815]]

 [[0.08328798 0.1172554  0.02695297 0.02488966]
  [0.05072217 0.63762763 0.03167296 0.02759124]]]
state : 5
eta : 1
pi2 : [[[0.11339101 0.44338722 0.03918462 0.06406044]
  [0.09721294 0.14712431 0.03649123 0.05914823]]

 [[0.05553152 0.30921215 0.01614152 0.03254793]
  [0.06052097 0.48015943 0.01949271 0.02639379]]]
state : 5
eta : 5
pi2 : [[[0.11339101 0.44338722 0.03918462 0.06406044]
  [0.09721294 0.14712431 0.03649123 0.05914823]]

 [[0.05553152 0.30921215 0.01614152 0.03254793]
  [0.06052097 0.48015943 0.01949271 0.02639379]]]
state : 6
eta : 1
pi2 : [[[0.04675998 0.25793487 0.02002677 0.02808384]
  [0.05456015 0.54402477 0.01973757 0.02887205]]

 [[0.03770322 0.16246323 0.0186456  0.02464486]
  [0.04205626 0.66816061 0.01932545 0.02700077]]]
state : 6
eta : 5
pi2 : [[[0.04675998 0.25793487 0.02002677 0.02808384]
  [0.05456015 0.54402477 0.01973757 0.02887205]]

 [[0.03770322 0.16246323 0.0186456  0.02464486]
  [0.04205626 0.66816061 0.01932545 0.02700077]]]
state : 7
eta : 1
pi2 : [[[0.04303495 0.03423814 0.42379277 0.03096279]
  [0.03518608 0.03946912 0.36338785 0.02992829]]

 [[0.01697996 0.01703062 0.19359769 0.01500398]
  [0.01679003 0.01689533 0.70877568 0.01492672]]]
state : 7
eta : 5
pi2 : [[[0.04303495 0.03423814 0.42379277 0.03096279]
  [0.03518608 0.03946912 0.36338785 0.02992829]]

 [[0.01697996 0.01703062 0.19359769 0.01500398]
  [0.01679003 0.01689533 0.70877568 0.01492672]]]
state : 8
eta : 1
pi2 : [[[0.17155511 0.05227017 0.12397197 0.0614436 ]
  [0.42030503 0.05306425 0.06891768 0.04847218]]

 [[0.21997069 0.01624803 0.02133413 0.01716393]
  [0.67900379 0.01358042 0.01461267 0.01808635]]]
state : 8
eta : 5
pi2 : [[[0.17155511 0.05227017 0.12397197 0.0614436 ]
  [0.42030503 0.05306425 0.06891768 0.04847218]]

 [[0.21997069 0.01624803 0.02133413 0.01716393]
  [0.67900379 0.01358042 0.01461267 0.01808635]]]
state : 9
eta : 1
pi2 : [[[0.14539542 0.12556393 0.08456562 0.12758347]
  [0.17944609 0.11831024 0.08460424 0.13453099]]

 [[0.12297383 0.10823971 0.09648305 0.12602439]
  [0.16644228 0.14164113 0.08697249 0.15122311]]]
state : 9
eta : 5
pi2 : [[[0.14539542 0.12556393 0.08456562 0.12758347]
  [0.17944609 0.11831024 0.08460424 0.13453099]]

 [[0.12297383 0.10823971 0.09648305 0.12602439]
  [0.16644228 0.14164113 0.08697249 0.15122311]]]
state : 10
eta : 1
pi2 : [[[0.1357005  0.21665719 0.08428854 0.08916719]
  [0.11152352 0.18869249 0.08695747 0.0870131 ]]

 [[0.10871797 0.26585946 0.07557757 0.08903251]
  [0.10681551 0.20346769 0.06900628 0.081523  ]]]
state : 10
eta : 5
pi2 : [[[0.1357005  0.21665719 0.08428854 0.08916719]
  [0.11152352 0.18869249 0.08695747 0.0870131 ]]

 [[0.10871797 0.26585946 0.07557757 0.08903251]
  [0.10681551 0.20346769 0.06900628 0.081523  ]]]
state : 11
eta : 1
pi2 : [[[0.02799567 0.02404947 0.43509049 0.01176889]
  [0.03052291 0.02398187 0.43509049 0.01150022]]

 [[0.01892712 0.01716694 0.45520093 0.00741082]
  [0.02090697 0.01718515 0.45520093 0.00800114]]]
state : 11
eta : 5
pi2 : [[[0.02799567 0.02404947 0.43509049 0.01176889]
  [0.03052291 0.02398187 0.43509049 0.01150022]]

 [[0.01892712 0.01716694 0.45520093 0.00741082]
  [0.02090697 0.01718515 0.45520093 0.00800114]]]
state : 12
eta : 1
pi2 : [[[0.04055441 0.01701827 0.01603016 0.02381711]
  [0.85851543 0.01578482 0.01520651 0.01307329]]

 [[0.07485161 0.04011205 0.03512453 0.03782056]
  [0.72139371 0.02999032 0.03148832 0.0292189 ]]]
state : 12
eta : 5
pi2 : [[[0.04055441 0.01701827 0.01603016 0.02381711]
  [0.85851543 0.01578482 0.01520651 0.01307329]]

 [[0.07485161 0.04011205 0.03512453 0.03782056]
  [0.72139371 0.02999032 0.03148832 0.0292189 ]]]
state : 13
eta : 1
pi2 : [[[0.140527 0.140527 0.078419 0.140527]
  [0.140527 0.140527 0.078419 0.140527]]

 [[0.140527 0.140527 0.078419 0.140527]
  [0.140527 0.140527 0.078419 0.140527]]]
state : 13
eta : 5
pi2 : [[[0.140527 0.140527 0.078419 0.140527]
  [0.140527 0.140527 0.078419 0.140527]]

 [[0.140527 0.140527 0.078419 0.140527]
  [0.140527 0.140527 0.078419 0.140527]]]
state : 14
eta : 1
pi2 : [[[0.140527 0.140527 0.078419 0.140527]
  [0.140527 0.140527 0.078419 0.140527]]

 [[0.140527 0.140527 0.078419 0.140527]
  [0.140527 0.140527 0.078419 0.140527]]]
state : 14
eta : 5
pi2 : [[[0.140527 0.140527 0.078419 0.140527]
  [0.140527 0.140527 0.078419 0.140527]]

 [[0.140527 0.140527 0.078419 0.140527]
  [0.140527 0.140527 0.078419 0.140527]]]
state : 15
eta : 1
pi2 : [[[0.16045851 0.08954149 0.08954149 0.16045851]
  [0.16045851 0.08954149 0.08954149 0.16045851]]

 [[0.16045851 0.08954149 0.08954149 0.16045851]
  [0.16045851 0.08954149 0.08954149 0.16045851]]]
state : 15
eta : 5
pi2 : [[[0.16045851 0.08954149 0.08954149 0.16045851]
  [0.16045851 0.08954149 0.08954149 0.16045851]]

 [[0.16045851 0.08954149 0.08954149 0.16045851]
  [0.16045851 0.08954149 0.08954149 0.16045851]]]
