state : 0
eta : 1
pi2 : [[[0.07107418 0.41957482 0.07512709 0.06429176]
  [0.04747033 0.18400038 0.08672186 0.05173957]]

 [[0.05709255 0.41098174 0.09809111 0.04504679]
  [0.05380812 0.18556565 0.09479649 0.05461754]]]
state : 0
eta : 5
pi2 : [[[0.07107418 0.41957482 0.07512709 0.06429176]
  [0.04747033 0.18400038 0.08672186 0.05173957]]

 [[0.05709255 0.41098174 0.09809111 0.04504679]
  [0.05380812 0.18556565 0.09479649 0.05461754]]]
state : 1
eta : 1
pi2 : [[[0.03825411 0.153544   0.05601947 0.04879377]
  [0.04149099 0.55476189 0.06001922 0.04711654]]

 [[0.05655511 0.23956884 0.07306042 0.0692048 ]
  [0.05084046 0.33404753 0.11478663 0.06193621]]]
state : 1
eta : 5
pi2 : [[[0.03825411 0.153544   0.05601947 0.04879377]
  [0.04149099 0.55476189 0.06001922 0.04711654]]

 [[0.05655511 0.23956884 0.07306042 0.0692048 ]
  [0.05084046 0.33404753 0.11478663 0.06193621]]]
state : 2
eta : 1
pi2 : [[[0.06042086 0.29806134 0.12502394 0.05932149]
  [0.05316173 0.23198059 0.11405793 0.05797211]]

 [[0.03742564 0.42473989 0.10411675 0.0535629 ]
  [0.05096731 0.20361314 0.08002407 0.0455503 ]]]
state : 2
eta : 5
pi2 : [[[0.06042086 0.29806134 0.12502394 0.05932149]
  [0.05316173 0.23198059 0.11405793 0.05797211]]

 [[0.03742564 0.42473989 0.10411675 0.0535629 ]
  [0.05096731 0.20361314 0.08002407 0.0455503 ]]]
state : 3
eta : 1
pi2 : [[[0.052981   0.04381636 0.18791327 0.05394284]
  [0.04697752 0.03981105 0.52205245 0.05250551]]

 [[0.05906985 0.04998138 0.29520411 0.06247842]
  [0.05586161 0.04575766 0.37174137 0.0599056 ]]]
state : 3
eta : 5
pi2 : [[[0.052981   0.04381636 0.18791327 0.05394284]
  [0.04697752 0.03981105 0.52205245 0.05250551]]

 [[0.05906985 0.04998138 0.29520411 0.06247842]
  [0.05586161 0.04575766 0.37174137 0.0599056 ]]]
state : 4
eta : 1
pi2 : [[[0.15484174 0.16691202 0.04721556 0.04569242]
  [0.14294329 0.34146184 0.04586035 0.05507278]]

 [[0.08330261 0.1171133  0.02695265 0.0248892 ]
  [0.05072559 0.63775259 0.03167309 0.02759098]]]
state : 4
eta : 5
pi2 : [[[0.15484174 0.16691202 0.04721556 0.04569242]
  [0.14294329 0.34146184 0.04586035 0.05507278]]

 [[0.08330261 0.1171133  0.02695265 0.0248892 ]
  [0.05072559 0.63775259 0.03167309 0.02759098]]]
state : 5
eta : 1
pi2 : [[[0.11338261 0.44352041 0.03917779 0.06396834]
  [0.09720361 0.14712294 0.03648474 0.05913957]]

 [[0.05550924 0.30938505 0.01613263 0.03247036]
  [0.06045306 0.48018715 0.01948223 0.02638029]]]
state : 5
eta : 5
pi2 : [[[0.11338261 0.44352041 0.03917779 0.06396834]
  [0.09720361 0.14712294 0.03648474 0.05913957]]

 [[0.05550924 0.30938505 0.01613263 0.03247036]
  [0.06045306 0.48018715 0.01948223 0.02638029]]]
state : 6
eta : 1
pi2 : [[[0.04675908 0.2579359  0.02002635 0.02808326]
  [0.05455912 0.54402966 0.01973716 0.02886947]]

 [[0.03768791 0.16241711 0.01863768 0.02463492]
  [0.04203936 0.66830319 0.01931725 0.02696258]]]
state : 6
eta : 5
pi2 : [[[0.04675908 0.2579359  0.02002635 0.02808326]
  [0.05455912 0.54402966 0.01973716 0.02886947]]

 [[0.03768791 0.16241711 0.01863768 0.02463492]
  [0.04203936 0.66830319 0.01931725 0.02696258]]]
state : 7
eta : 1
pi2 : [[[0.04303552 0.03423853 0.42382359 0.03096314]
  [0.03518647 0.03946955 0.36335298 0.02993021]]

 [[0.01697992 0.01703058 0.19359555 0.01500394]
  [0.01678999 0.01689529 0.70877805 0.01492668]]]
state : 7
eta : 5
pi2 : [[[0.04303552 0.03423853 0.42382359 0.03096314]
  [0.03518647 0.03946955 0.36335298 0.02993021]]

 [[0.01697992 0.01703058 0.19359555 0.01500394]
  [0.01678999 0.01689529 0.70877805 0.01492668]]]
state : 8
eta : 1
pi2 : [[[0.17156011 0.05226231 0.12375643 0.06143521]
  [0.42055593 0.05305634 0.06890905 0.04846462]]

 [[0.22051465 0.01626327 0.02135442 0.01718007]
  [0.67836483 0.01359306 0.01462631 0.01810339]]]
state : 8
eta : 5
pi2 : [[[0.17156011 0.05226231 0.12375643 0.06143521]
  [0.42055593 0.05305634 0.06890905 0.04846462]]

 [[0.22051465 0.01626327 0.02135442 0.01718007]
  [0.67836483 0.01359306 0.01462631 0.01810339]]]
state : 9
eta : 1
pi2 : [[[0.14539541 0.12556393 0.08456562 0.12758348]
  [0.17944609 0.11831024 0.08460424 0.134531  ]]

 [[0.12297383 0.10823971 0.09648305 0.12602439]
  [0.16644228 0.14164113 0.08697249 0.15122311]]]
state : 9
eta : 5
pi2 : [[[0.14539541 0.12556393 0.08456562 0.12758348]
  [0.17944609 0.11831024 0.08460424 0.134531  ]]

 [[0.12297383 0.10823971 0.09648305 0.12602439]
  [0.16644228 0.14164113 0.08697249 0.15122311]]]
state : 10
eta : 1
pi2 : [[[0.1357005  0.21665719 0.08428854 0.08916718]
  [0.11152352 0.18869249 0.08695747 0.0870131 ]]

 [[0.10871797 0.26585945 0.07557757 0.08903251]
  [0.1068155  0.20346772 0.06900628 0.081523  ]]]
state : 10
eta : 5
pi2 : [[[0.1357005  0.21665719 0.08428854 0.08916718]
  [0.11152352 0.18869249 0.08695747 0.0870131 ]]

 [[0.10871797 0.26585945 0.07557757 0.08903251]
  [0.1068155  0.20346772 0.06900628 0.081523  ]]]
state : 11
eta : 1
pi2 : [[[0.02799562 0.02404931 0.43509066 0.01176887]
  [0.03052286 0.02398183 0.43509066 0.0115002 ]]

 [[0.0189271  0.01716692 0.45520101 0.00741081]
  [0.02090695 0.01718507 0.45520101 0.00800113]]]
state : 11
eta : 5
pi2 : [[[0.02799562 0.02404931 0.43509066 0.01176887]
  [0.03052286 0.02398183 0.43509066 0.0115002 ]]

 [[0.0189271  0.01716692 0.45520101 0.00741081]
  [0.02090695 0.01718507 0.45520101 0.00800113]]]
state : 12
eta : 1
pi2 : [[[0.04056577 0.01702233 0.01603396 0.02382308]
  [0.85847992 0.01578855 0.01521009 0.01307632]]

 [[0.07486472 0.04011741 0.03512176 0.0378255 ]
  [0.72136203 0.02999396 0.03149219 0.02922242]]]
state : 12
eta : 5
pi2 : [[[0.04056577 0.01702233 0.01603396 0.02382308]
  [0.85847992 0.01578855 0.01521009 0.01307632]]

 [[0.07486472 0.04011741 0.03512176 0.0378255 ]
  [0.72136203 0.02999396 0.03149219 0.02922242]]]
state : 13
eta : 1
pi2 : [[[0.140527 0.140527 0.078419 0.140527]
  [0.140527 0.140527 0.078419 0.140527]]

 [[0.140527 0.140527 0.078419 0.140527]
  [0.140527 0.140527 0.078419 0.140527]]]
state : 13
eta : 5
pi2 : [[[0.140527 0.140527 0.078419 0.140527]
  [0.140527 0.140527 0.078419 0.140527]]

 [[0.140527 0.140527 0.078419 0.140527]
  [0.140527 0.140527 0.078419 0.140527]]]
state : 14
eta : 1
pi2 : [[[0.140527 0.140527 0.078419 0.140527]
  [0.140527 0.140527 0.078419 0.140527]]

 [[0.140527 0.140527 0.078419 0.140527]
  [0.140527 0.140527 0.078419 0.140527]]]
state : 14
eta : 5
pi2 : [[[0.140527 0.140527 0.078419 0.140527]
  [0.140527 0.140527 0.078419 0.140527]]

 [[0.140527 0.140527 0.078419 0.140527]
  [0.140527 0.140527 0.078419 0.140527]]]
state : 15
eta : 1
pi2 : [[[0.16045851 0.08954149 0.08954149 0.16045851]
  [0.16045851 0.08954149 0.08954149 0.16045851]]

 [[0.16045851 0.08954149 0.08954149 0.16045851]
  [0.16045851 0.08954149 0.08954149 0.16045851]]]
state : 15
eta : 5
pi2 : [[[0.16045851 0.08954149 0.08954149 0.16045851]
  [0.16045851 0.08954149 0.08954149 0.16045851]]

 [[0.16045851 0.08954149 0.08954149 0.16045851]
  [0.16045851 0.08954149 0.08954149 0.16045851]]]
