state : 0
eta : 1
pi2 : [[[0.07107638 0.41955449 0.07512945 0.0642937 ]
  [0.04747166 0.18400859 0.0867247  0.05174104]]

 [[0.05709255 0.41098174 0.09809111 0.04504679]
  [0.05380812 0.18556565 0.09479649 0.05461754]]]
state : 0
eta : 5
pi2 : [[[0.07107638 0.41955449 0.07512945 0.0642937 ]
  [0.04747166 0.18400859 0.0867247  0.05174104]]

 [[0.05709255 0.41098174 0.09809111 0.04504679]
  [0.05380812 0.18556565 0.09479649 0.05461754]]]
state : 1
eta : 1
pi2 : [[[0.03822371 0.15347229 0.05600963 0.04878481]
  [0.04148303 0.55490981 0.06000894 0.0471078 ]]

 [[0.05655416 0.23951805 0.07305828 0.06920297]
  [0.05086361 0.3340884  0.11477962 0.06193492]]]
state : 1
eta : 5
pi2 : [[[0.03822371 0.15347229 0.05600963 0.04878481]
  [0.04148303 0.55490981 0.06000894 0.0471078 ]]

 [[0.05655416 0.23951805 0.07305828 0.06920297]
  [0.05086361 0.3340884  0.11477962 0.06193492]]]
state : 2
eta : 1
pi2 : [[[0.06042092 0.29801736 0.12503347 0.05932429]
  [0.05316411 0.23200274 0.11406607 0.05797104]]

 [[0.03742738 0.42465445 0.10412086 0.0535653 ]
  [0.05096961 0.20368258 0.08002744 0.04555238]]]
state : 2
eta : 5
pi2 : [[[0.06042092 0.29801736 0.12503347 0.05932429]
  [0.05316411 0.23200274 0.11406607 0.05797104]]

 [[0.03742738 0.42465445 0.10412086 0.0535653 ]
  [0.05096961 0.20368258 0.08002744 0.04555238]]]
state : 3
eta : 1
pi2 : [[[0.05297869 0.04381435 0.18789459 0.05393646]
  [0.04697539 0.03980918 0.52209304 0.05249829]]

 [[0.05908657 0.04998315 0.29519231 0.06248045]
  [0.05586351 0.04575933 0.37172709 0.05990759]]]
state : 3
eta : 5
pi2 : [[[0.05297869 0.04381435 0.18789459 0.05393646]
  [0.04697539 0.03980918 0.52209304 0.05249829]]

 [[0.05908657 0.04998315 0.29519231 0.06248045]
  [0.05586351 0.04575933 0.37172709 0.05990759]]]
state : 4
eta : 1
pi2 : [[[0.15478849 0.16687114 0.04726794 0.04569189]
  [0.14291602 0.34152743 0.04585979 0.05507729]]

 [[0.0832921  0.11720201 0.02695254 0.02488921]
  [0.05072277 0.63767791 0.03167264 0.02759083]]]
state : 4
eta : 5
pi2 : [[[0.15478849 0.16687114 0.04726794 0.04569189]
  [0.14291602 0.34152743 0.04585979 0.05507729]]

 [[0.0832921  0.11720201 0.02695254 0.02488921]
  [0.05072277 0.63767791 0.03167264 0.02759083]]]
state : 5
eta : 1
pi2 : [[[0.11330591 0.44353438 0.03917919 0.06402227]
  [0.09720612 0.14712461 0.03648606 0.05914145]]

 [[0.05552383 0.3092753  0.01613843 0.03251926]
  [0.06050002 0.48016501 0.01948906 0.0263891 ]]]
state : 5
eta : 5
pi2 : [[[0.11330591 0.44353438 0.03917919 0.06402227]
  [0.09720612 0.14712461 0.03648606 0.05914145]]

 [[0.05552383 0.3092753  0.01613843 0.03251926]
  [0.06050002 0.48016501 0.01948906 0.0263891 ]]]
state : 6
eta : 1
pi2 : [[[0.04675982 0.25793612 0.02002669 0.02808374]
  [0.05455996 0.54402461 0.0197375  0.02887156]]

 [[0.03769741 0.16244502 0.01864259 0.0246412 ]
  [0.04204982 0.66821523 0.01932233 0.02698639]]]
state : 6
eta : 5
pi2 : [[[0.04675982 0.25793612 0.02002669 0.02808374]
  [0.05455996 0.54402461 0.0197375  0.02887156]]

 [[0.03769741 0.16244502 0.01864259 0.0246412 ]
  [0.04204982 0.66821523 0.01932233 0.02698639]]]
state : 7
eta : 1
pi2 : [[[0.04303555 0.03423856 0.42383015 0.03096317]
  [0.03518651 0.03946961 0.36334657 0.02992988]]

 [[0.0169798  0.01703046 0.19359124 0.01500384]
  [0.01678988 0.01689518 0.70878302 0.01492658]]]
state : 7
eta : 5
pi2 : [[[0.04303555 0.03423856 0.42383015 0.03096317]
  [0.03518651 0.03946961 0.36334657 0.02992988]]

 [[0.0169798  0.01703046 0.19359124 0.01500384]
  [0.01678988 0.01689518 0.70878302 0.01492658]]]
state : 8
eta : 1
pi2 : [[[0.1715523  0.05226628 0.12388817 0.0614393 ]
  [0.42041203 0.05306032 0.06891311 0.04846848]]

 [[0.22031578 0.01625642 0.02134518 0.01717279]
  [0.67860652 0.01358741 0.0146202  0.01809569]]]
state : 8
eta : 5
pi2 : [[[0.1715523  0.05226628 0.12388817 0.0614393 ]
  [0.42041203 0.05306032 0.06891311 0.04846848]]

 [[0.22031578 0.01625642 0.02134518 0.01717279]
  [0.67860652 0.01358741 0.0146202  0.01809569]]]
state : 9
eta : 1
pi2 : [[[0.14539541 0.12556393 0.08456562 0.12758347]
  [0.17944609 0.11831024 0.08460424 0.134531  ]]

 [[0.12297383 0.10823971 0.09648305 0.12602439]
  [0.16644228 0.14164113 0.08697249 0.15122311]]]
state : 9
eta : 5
pi2 : [[[0.14539541 0.12556393 0.08456562 0.12758347]
  [0.17944609 0.11831024 0.08460424 0.134531  ]]

 [[0.12297383 0.10823971 0.09648305 0.12602439]
  [0.16644228 0.14164113 0.08697249 0.15122311]]]
state : 10
eta : 1
pi2 : [[[0.1357005  0.21665719 0.08428854 0.08916718]
  [0.11152352 0.18869249 0.08695747 0.0870131 ]]

 [[0.10871797 0.26585943 0.07557757 0.08903251]
  [0.1068155  0.20346776 0.06900628 0.081523  ]]]
state : 10
eta : 5
pi2 : [[[0.1357005  0.21665719 0.08428854 0.08916718]
  [0.11152352 0.18869249 0.08695747 0.0870131 ]]

 [[0.10871797 0.26585943 0.07557757 0.08903251]
  [0.1068155  0.20346776 0.06900628 0.081523  ]]]
state : 11
eta : 1
pi2 : [[[0.02799568 0.0240495  0.43509044 0.01176889]
  [0.03052293 0.02398188 0.43509044 0.01150023]]

 [[0.0189271  0.01716692 0.45520102 0.00741081]
  [0.02090695 0.01718506 0.45520102 0.00800113]]]
state : 11
eta : 5
pi2 : [[[0.02799568 0.0240495  0.43509044 0.01176889]
  [0.03052293 0.02398188 0.43509044 0.01150023]]

 [[0.0189271  0.01716692 0.45520102 0.00741081]
  [0.02090695 0.01718506 0.45520102 0.00800113]]]
state : 12
eta : 1
pi2 : [[[0.04055846 0.01701971 0.01603152 0.02381924]
  [0.85850277 0.01578615 0.01520778 0.01307437]]

 [[0.07484585 0.04010923 0.03512069 0.03781791]
  [0.72141499 0.02998827 0.03148615 0.0292169 ]]]
state : 12
eta : 5
pi2 : [[[0.04055846 0.01701971 0.01603152 0.02381924]
  [0.85850277 0.01578615 0.01520778 0.01307437]]

 [[0.07484585 0.04010923 0.03512069 0.03781791]
  [0.72141499 0.02998827 0.03148615 0.0292169 ]]]
state : 13
eta : 1
pi2 : [[[0.140527 0.140527 0.078419 0.140527]
  [0.140527 0.140527 0.078419 0.140527]]

 [[0.140527 0.140527 0.078419 0.140527]
  [0.140527 0.140527 0.078419 0.140527]]]
state : 13
eta : 5
pi2 : [[[0.140527 0.140527 0.078419 0.140527]
  [0.140527 0.140527 0.078419 0.140527]]

 [[0.140527 0.140527 0.078419 0.140527]
  [0.140527 0.140527 0.078419 0.140527]]]
state : 14
eta : 1
pi2 : [[[0.140527 0.140527 0.078419 0.140527]
  [0.140527 0.140527 0.078419 0.140527]]

 [[0.140527 0.140527 0.078419 0.140527]
  [0.140527 0.140527 0.078419 0.140527]]]
state : 14
eta : 5
pi2 : [[[0.140527 0.140527 0.078419 0.140527]
  [0.140527 0.140527 0.078419 0.140527]]

 [[0.140527 0.140527 0.078419 0.140527]
  [0.140527 0.140527 0.078419 0.140527]]]
state : 15
eta : 1
pi2 : [[[0.16045851 0.08954149 0.08954149 0.16045851]
  [0.16045851 0.08954149 0.08954149 0.16045851]]

 [[0.16045851 0.08954149 0.08954149 0.16045851]
  [0.16045851 0.08954149 0.08954149 0.16045851]]]
state : 15
eta : 5
pi2 : [[[0.16045851 0.08954149 0.08954149 0.16045851]
  [0.16045851 0.08954149 0.08954149 0.16045851]]

 [[0.16045851 0.08954149 0.08954149 0.16045851]
  [0.16045851 0.08954149 0.08954149 0.16045851]]]
