state : 0
eta : 1
pi2 : [[[0.04260652 0.37975772 0.05961092 0.06090492]
  [0.06436484 0.17942722 0.14607408 0.06725378]]

 [[0.05859731 0.08348104 0.06676941 0.06763732]
  [0.05659698 0.53978931 0.09392277 0.03320586]]]
state : 0
eta : 5
pi2 : [[[0.04260652 0.37975772 0.05961092 0.06090492]
  [0.06436484 0.17942722 0.14607408 0.06725378]]

 [[0.05859731 0.08348104 0.06676941 0.06763732]
  [0.05659698 0.53978931 0.09392277 0.03320586]]]
state : 1
eta : 1
pi2 : [[[0.04966296 0.45250718 0.09911251 0.07600814]
  [0.0422607  0.11598979 0.07218523 0.0922735 ]]

 [[0.05581292 0.31964477 0.09376372 0.05581204]
  [0.05210743 0.21539618 0.09029367 0.11716928]]]
state : 1
eta : 5
pi2 : [[[0.04966296 0.45250718 0.09911251 0.07600814]
  [0.0422607  0.11598979 0.07218523 0.0922735 ]]

 [[0.05581292 0.31964477 0.09376372 0.05581204]
  [0.05210743 0.21539618 0.09029367 0.11716928]]]
state : 2
eta : 1
pi2 : [[[0.0369511  0.33820306 0.16445544 0.0495407 ]
  [0.03751913 0.2742805  0.05136338 0.0476867 ]]

 [[0.0701884  0.12703949 0.13527964 0.08654068]
  [0.07435116 0.31918968 0.13065977 0.05675118]]]
state : 2
eta : 5
pi2 : [[[0.0369511  0.33820306 0.16445544 0.0495407 ]
  [0.03751913 0.2742805  0.05136338 0.0476867 ]]

 [[0.0701884  0.12703949 0.13527964 0.08654068]
  [0.07435116 0.31918968 0.13065977 0.05675118]]]
state : 3
eta : 1
pi2 : [[[0.04595346 0.03438812 0.27788375 0.04523955]
  [0.04935939 0.03314081 0.47273729 0.04129762]]

 [[0.03669437 0.04993691 0.22012659 0.03645077]
  [0.05332546 0.05241923 0.50145787 0.0495888 ]]]
state : 3
eta : 5
pi2 : [[[0.04595346 0.03438812 0.27788375 0.04523955]
  [0.04935939 0.03314081 0.47273729 0.04129762]]

 [[0.03669437 0.04993691 0.22012659 0.03645077]
  [0.05332546 0.05241923 0.50145787 0.0495888 ]]]
state : 4
eta : 1
pi2 : [[[0.1657673  0.11238962 0.07428856 0.07888903]
  [0.15403772 0.18300094 0.13128835 0.10033848]]

 [[0.00327342 0.97474947 0.0021385  0.00308721]
  [0.00479251 0.00540793 0.00308688 0.00346407]]]
state : 4
eta : 5
pi2 : [[[0.1657673  0.11238962 0.07428856 0.07888903]
  [0.15403772 0.18300094 0.13128835 0.10033848]]

 [[0.00327342 0.97474947 0.0021385  0.00308721]
  [0.00479251 0.00540793 0.00308688 0.00346407]]]
state : 5
eta : 1
pi2 : [[[0.00327584 0.01425178 0.00127337 0.0032101 ]
  [0.00384246 0.96497522 0.00321377 0.00595746]]

 [[0.03660211 0.70738263 0.01307846 0.05163816]
  [0.06169841 0.05711253 0.03274559 0.03974212]]]
state : 5
eta : 5
pi2 : [[[0.00327584 0.01425178 0.00127337 0.0032101 ]
  [0.00384246 0.96497522 0.00321377 0.00595746]]

 [[0.03660211 0.70738263 0.01307846 0.05163816]
  [0.06169841 0.05711253 0.03274559 0.03974212]]]
state : 6
eta : 1
pi2 : [[[0.01615239 0.03328528 0.00709818 0.01516289]
  [0.01548614 0.88522573 0.01230318 0.01528621]]

 [[0.00590741 0.05680321 0.00200525 0.00460142]
  [0.00546457 0.91647396 0.00353588 0.00520829]]]
state : 6
eta : 5
pi2 : [[[0.01615239 0.03328528 0.00709818 0.01516289]
  [0.01548614 0.88522573 0.01230318 0.01528621]]

 [[0.00590741 0.05680321 0.00200525 0.00460142]
  [0.00546457 0.91647396 0.00353588 0.00520829]]]
state : 7
eta : 1
pi2 : [[[0.01989961 0.01245087 0.85066183 0.01917541]
  [0.0172363  0.01096555 0.05824466 0.01136578]]

 [[0.00314975 0.00351623 0.97395579 0.00289834]
  [0.0029993  0.00255743 0.00868652 0.00223664]]]
state : 7
eta : 5
pi2 : [[[0.01989961 0.01245087 0.85066183 0.01917541]
  [0.0172363  0.01096555 0.05824466 0.01136578]]

 [[0.00314975 0.00351623 0.97395579 0.00289834]
  [0.0029993  0.00255743 0.00868652 0.00223664]]]
state : 8
eta : 1
pi2 : [[[0.014986   0.00268047 0.01074067 0.00847556]
  [0.94812324 0.00418428 0.00558528 0.0052245 ]]

 [[0.01074148 0.00294179 0.00975809 0.00334137]
  [0.94547948 0.00768631 0.01429796 0.00575352]]]
state : 8
eta : 5
pi2 : [[[0.014986   0.00268047 0.01074067 0.00847556]
  [0.94812324 0.00418428 0.00558528 0.0052245 ]]

 [[0.01074148 0.00294179 0.00975809 0.00334137]
  [0.94547948 0.00768631 0.01429796 0.00575352]]]
state : 9
eta : 1
pi2 : [[[0.11562788 0.12169504 0.12003286 0.05819084]
  [0.22557459 0.17706385 0.1222333  0.05958164]]

 [[0.14326962 0.0670196  0.04286868 0.07244553]
  [0.13193752 0.4086979  0.06552289 0.06823825]]]
state : 9
eta : 5
pi2 : [[[0.11562788 0.12169504 0.12003286 0.05819084]
  [0.22557459 0.17706385 0.1222333  0.05958164]]

 [[0.14326962 0.0670196  0.04286868 0.07244553]
  [0.13193752 0.4086979  0.06552289 0.06823825]]]
state : 10
eta : 1
pi2 : [[[0.17097737 0.25424246 0.04550083 0.07334536]
  [0.1600245  0.1563752  0.0605048  0.0790295 ]]

 [[0.11981088 0.24367956 0.06933396 0.06088772]
  [0.14581418 0.19296268 0.09169013 0.07582089]]]
state : 10
eta : 5
pi2 : [[[0.17097737 0.25424246 0.04550083 0.07334536]
  [0.1600245  0.1563752  0.0605048  0.0790295 ]]

 [[0.11981088 0.24367956 0.06933396 0.06088772]
  [0.14581418 0.19296268 0.09169013 0.07582089]]]
state : 11
eta : 1
pi2 : [[[1.61733070e-03 1.36526901e-03 9.71409453e-01 5.17979196e-04]
  [2.30423968e-03 1.17867430e-03 2.07505834e-02 8.56471138e-04]]

 [[3.60717683e-02 3.26566386e-02 5.12157067e-01 1.32713218e-02]
  [5.09533282e-02 3.27244936e-02 3.03598330e-01 1.85670518e-02]]]
state : 11
eta : 5
pi2 : [[[1.61733070e-03 1.36526901e-03 9.71409453e-01 5.17979196e-04]
  [2.30423968e-03 1.17867430e-03 2.07505834e-02 8.56471138e-04]]

 [[3.60717683e-02 3.26566386e-02 5.12157067e-01 1.32713218e-02]
  [5.09533282e-02 3.27244936e-02 3.03598330e-01 1.85670518e-02]]]
state : 12
eta : 1
pi2 : [[[0.97305915 0.0027729  0.00352538 0.00394363]
  [0.00767762 0.00197672 0.00366882 0.00337577]]

 [[0.02404715 0.00855401 0.0217     0.01441191]
  [0.85604874 0.02193934 0.04564039 0.00765846]]]
state : 12
eta : 5
pi2 : [[[0.97305915 0.0027729  0.00352538 0.00394363]
  [0.00767762 0.00197672 0.00366882 0.00337577]]

 [[0.02404715 0.00855401 0.0217     0.01441191]
  [0.85604874 0.02193934 0.04564039 0.00765846]]]
state : 13
eta : 1
pi2 : [[[0.140527 0.140527 0.078419 0.140527]
  [0.140527 0.140527 0.078419 0.140527]]

 [[0.140527 0.140527 0.078419 0.140527]
  [0.140527 0.140527 0.078419 0.140527]]]
state : 13
eta : 5
pi2 : [[[0.140527 0.140527 0.078419 0.140527]
  [0.140527 0.140527 0.078419 0.140527]]

 [[0.140527 0.140527 0.078419 0.140527]
  [0.140527 0.140527 0.078419 0.140527]]]
state : 14
eta : 1
pi2 : [[[0.140527 0.140527 0.078419 0.140527]
  [0.140527 0.140527 0.078419 0.140527]]

 [[0.140527 0.140527 0.078419 0.140527]
  [0.140527 0.140527 0.078419 0.140527]]]
state : 14
eta : 5
pi2 : [[[0.140527 0.140527 0.078419 0.140527]
  [0.140527 0.140527 0.078419 0.140527]]

 [[0.140527 0.140527 0.078419 0.140527]
  [0.140527 0.140527 0.078419 0.140527]]]
state : 15
eta : 1
pi2 : [[[0.16045851 0.08954149 0.08954149 0.16045851]
  [0.16045851 0.08954149 0.08954149 0.16045851]]

 [[0.16045851 0.08954149 0.08954149 0.16045851]
  [0.16045851 0.08954149 0.08954149 0.16045851]]]
state : 15
eta : 5
pi2 : [[[0.16045851 0.08954149 0.08954149 0.16045851]
  [0.16045851 0.08954149 0.08954149 0.16045851]]

 [[0.16045851 0.08954149 0.08954149 0.16045851]
  [0.16045851 0.08954149 0.08954149 0.16045851]]]
