state : 0
eta : 1
pi2 : [[[0.04260652 0.37975772 0.05961092 0.06090492]
  [0.06436484 0.17942722 0.14607408 0.06725378]]

 [[0.05859731 0.08348104 0.06676941 0.06763732]
  [0.05659698 0.53978931 0.09392277 0.03320586]]]
state : 0
eta : 5
pi2 : [[[0.04260652 0.37975772 0.05961092 0.06090492]
  [0.06436484 0.17942722 0.14607408 0.06725378]]

 [[0.05859731 0.08348104 0.06676941 0.06763732]
  [0.05659698 0.53978931 0.09392277 0.03320586]]]
state : 1
eta : 1
pi2 : [[[0.04966296 0.45250718 0.09911251 0.07600814]
  [0.0422607  0.11598979 0.07218523 0.0922735 ]]

 [[0.05581292 0.31964477 0.09376372 0.05581204]
  [0.05210743 0.21539618 0.09029367 0.11716928]]]
state : 1
eta : 5
pi2 : [[[0.04966296 0.45250718 0.09911251 0.07600814]
  [0.0422607  0.11598979 0.07218523 0.0922735 ]]

 [[0.05581292 0.31964477 0.09376372 0.05581204]
  [0.05210743 0.21539618 0.09029367 0.11716928]]]
state : 2
eta : 1
pi2 : [[[0.0369511  0.33820306 0.16445544 0.0495407 ]
  [0.03751913 0.2742805  0.05136338 0.0476867 ]]

 [[0.0701884  0.12703949 0.13527964 0.08654068]
  [0.07435116 0.31918968 0.13065977 0.05675118]]]
state : 2
eta : 5
pi2 : [[[0.0369511  0.33820306 0.16445544 0.0495407 ]
  [0.03751913 0.2742805  0.05136338 0.0476867 ]]

 [[0.0701884  0.12703949 0.13527964 0.08654068]
  [0.07435116 0.31918968 0.13065977 0.05675118]]]
state : 3
eta : 1
pi2 : [[[0.04595346 0.03438812 0.27788375 0.04523955]
  [0.04935939 0.03314081 0.47273729 0.04129762]]

 [[0.03669437 0.04993691 0.22012659 0.03645077]
  [0.05332546 0.05241923 0.50145787 0.0495888 ]]]
state : 3
eta : 5
pi2 : [[[0.04595346 0.03438812 0.27788375 0.04523955]
  [0.04935939 0.03314081 0.47273729 0.04129762]]

 [[0.03669437 0.04993691 0.22012659 0.03645077]
  [0.05332546 0.05241923 0.50145787 0.0495888 ]]]
state : 4
eta : 1
pi2 : [[[0.1657673  0.11238962 0.07428856 0.07888903]
  [0.15403772 0.18300094 0.13128835 0.10033848]]

 [[0.00327335 0.97475008 0.00213845 0.00308713]
  [0.00479239 0.0054078  0.00308681 0.00346399]]]
state : 4
eta : 5
pi2 : [[[0.1657673  0.11238962 0.07428856 0.07888903]
  [0.15403772 0.18300094 0.13128835 0.10033848]]

 [[0.00327335 0.97475008 0.00213845 0.00308713]
  [0.00479239 0.0054078  0.00308681 0.00346399]]]
state : 5
eta : 1
pi2 : [[[0.00327576 0.01425129 0.00127334 0.00321002]
  [0.00384235 0.96497626 0.00321369 0.00595729]]

 [[0.03660211 0.70738263 0.01307846 0.05163816]
  [0.06169841 0.05711253 0.03274559 0.03974212]]]
state : 5
eta : 5
pi2 : [[[0.00327576 0.01425129 0.00127334 0.00321002]
  [0.00384235 0.96497626 0.00321369 0.00595729]]

 [[0.03660211 0.70738263 0.01307846 0.05163816]
  [0.06169841 0.05711253 0.03274559 0.03974212]]]
state : 6
eta : 1
pi2 : [[[0.0161524  0.03328529 0.00709818 0.01516289]
  [0.01548614 0.88522572 0.01230318 0.01528621]]

 [[0.0059072  0.05679995 0.00200518 0.00460126]
  [0.00546438 0.91647814 0.00353576 0.00520811]]]
state : 6
eta : 5
pi2 : [[[0.0161524  0.03328529 0.00709818 0.01516289]
  [0.01548614 0.88522572 0.01230318 0.01528621]]

 [[0.0059072  0.05679995 0.00200518 0.00460126]
  [0.00546438 0.91647814 0.00353576 0.00520811]]]
state : 7
eta : 1
pi2 : [[[0.01990075 0.01245155 0.85065246 0.01917651]
  [0.01723727 0.01096614 0.05824893 0.01136639]]

 [[0.00314926 0.00351568 0.97396127 0.00289788]
  [0.00299883 0.00255703 0.00868375 0.00223629]]]
state : 7
eta : 5
pi2 : [[[0.01990075 0.01245155 0.85065246 0.01917651]
  [0.01723727 0.01096614 0.05824893 0.01136639]]

 [[0.00314926 0.00351568 0.97396127 0.00289788]
  [0.00299883 0.00255703 0.00868375 0.00223629]]]
state : 8
eta : 1
pi2 : [[[0.01498689 0.00268059 0.01074127 0.00847601]
  [0.94812043 0.00418449 0.00558556 0.00522476]]

 [[0.01074012 0.00294146 0.00975688 0.003341  ]
  [0.94548624 0.00768539 0.01429605 0.00575285]]]
state : 8
eta : 5
pi2 : [[[0.01498689 0.00268059 0.01074127 0.00847601]
  [0.94812043 0.00418449 0.00558556 0.00522476]]

 [[0.01074012 0.00294146 0.00975688 0.003341  ]
  [0.94548624 0.00768539 0.01429605 0.00575285]]]
state : 9
eta : 1
pi2 : [[[0.11562788 0.12169504 0.12003286 0.05819084]
  [0.22557459 0.17706385 0.1222333  0.05958164]]

 [[0.14326962 0.0670196  0.04286868 0.07244553]
  [0.13193751 0.40869792 0.06552289 0.06823825]]]
state : 9
eta : 5
pi2 : [[[0.11562788 0.12169504 0.12003286 0.05819084]
  [0.22557459 0.17706385 0.1222333  0.05958164]]

 [[0.14326962 0.0670196  0.04286868 0.07244553]
  [0.13193751 0.40869792 0.06552289 0.06823825]]]
state : 10
eta : 1
pi2 : [[[0.1709772  0.25424254 0.04550083 0.07334536]
  [0.16002453 0.15637523 0.06050481 0.07902951]]

 [[0.11981088 0.24367955 0.06933396 0.06088772]
  [0.14581418 0.19296269 0.09169013 0.07582089]]]
state : 10
eta : 5
pi2 : [[[0.1709772  0.25424254 0.04550083 0.07334536]
  [0.16002453 0.15637523 0.06050481 0.07902951]]

 [[0.11981088 0.24367955 0.06933396 0.06088772]
  [0.14581418 0.19296269 0.09169013 0.07582089]]]
state : 11
eta : 1
pi2 : [[[1.61733905e-03 1.36527604e-03 9.71409267e-01 5.17981049e-04]
  [2.30426265e-03 1.17868035e-03 2.07507184e-02 8.56475516e-04]]

 [[3.60680717e-02 3.26549996e-02 5.12173197e-01 1.32706118e-02]
  [5.09509297e-02 3.27190063e-02 3.03597108e-01 1.85660753e-02]]]
state : 11
eta : 5
pi2 : [[[1.61733905e-03 1.36527604e-03 9.71409267e-01 5.17981049e-04]
  [2.30426265e-03 1.17868035e-03 2.07507184e-02 8.56475516e-04]]

 [[3.60680717e-02 3.26549996e-02 5.12173197e-01 1.32706118e-02]
  [5.09509297e-02 3.27190063e-02 3.03597108e-01 1.85660753e-02]]]
state : 12
eta : 1
pi2 : [[[0.97305829 0.00277298 0.00352549 0.00394376]
  [0.00767789 0.00197678 0.00366893 0.00337588]]

 [[0.02404687 0.00855392 0.02169975 0.01441176]
  [0.85605047 0.02193909 0.04563977 0.00765838]]]
state : 12
eta : 5
pi2 : [[[0.97305829 0.00277298 0.00352549 0.00394376]
  [0.00767789 0.00197678 0.00366893 0.00337588]]

 [[0.02404687 0.00855392 0.02169975 0.01441176]
  [0.85605047 0.02193909 0.04563977 0.00765838]]]
state : 13
eta : 1
pi2 : [[[0.140527 0.140527 0.078419 0.140527]
  [0.140527 0.140527 0.078419 0.140527]]

 [[0.140527 0.140527 0.078419 0.140527]
  [0.140527 0.140527 0.078419 0.140527]]]
state : 13
eta : 5
pi2 : [[[0.140527 0.140527 0.078419 0.140527]
  [0.140527 0.140527 0.078419 0.140527]]

 [[0.140527 0.140527 0.078419 0.140527]
  [0.140527 0.140527 0.078419 0.140527]]]
state : 14
eta : 1
pi2 : [[[0.140527 0.140527 0.078419 0.140527]
  [0.140527 0.140527 0.078419 0.140527]]

 [[0.140527 0.140527 0.078419 0.140527]
  [0.140527 0.140527 0.078419 0.140527]]]
state : 14
eta : 5
pi2 : [[[0.140527 0.140527 0.078419 0.140527]
  [0.140527 0.140527 0.078419 0.140527]]

 [[0.140527 0.140527 0.078419 0.140527]
  [0.140527 0.140527 0.078419 0.140527]]]
state : 15
eta : 1
pi2 : [[[0.16045851 0.08954149 0.08954149 0.16045851]
  [0.16045851 0.08954149 0.08954149 0.16045851]]

 [[0.16045851 0.08954149 0.08954149 0.16045851]
  [0.16045851 0.08954149 0.08954149 0.16045851]]]
state : 15
eta : 5
pi2 : [[[0.16045851 0.08954149 0.08954149 0.16045851]
  [0.16045851 0.08954149 0.08954149 0.16045851]]

 [[0.16045851 0.08954149 0.08954149 0.16045851]
  [0.16045851 0.08954149 0.08954149 0.16045851]]]
