state : 0
eta : 1
pi2 : [[[0.         0.24995497 0.10488249 0.        ]
  [0.         0.52560883 0.11955371 0.        ]]

 [[0.         0.13744848 0.43277642 0.        ]
  [0.         0.30990203 0.11987307 0.        ]]]
state : 0
eta : 5
pi2 : [[[0.         0.24995497 0.10488249 0.        ]
  [0.         0.52560883 0.11955371 0.        ]]

 [[0.         0.13744848 0.43277642 0.        ]
  [0.         0.30990203 0.11987307 0.        ]]]
state : 1
eta : 1
pi2 : [[[0.         0.30504246 0.07049901 0.07147872]
  [0.         0.41209384 0.09646117 0.04442481]]

 [[0.         0.10931541 0.07164352 0.04925391]
  [0.         0.56222799 0.13861766 0.06894151]]]
state : 1
eta : 5
pi2 : [[[0.         0.30504246 0.07049901 0.07147872]
  [0.         0.41209384 0.09646117 0.04442481]]

 [[0.         0.10931541 0.07164352 0.04925391]
  [0.         0.56222799 0.13861766 0.06894151]]]
state : 2
eta : 1
pi2 : [[[0.         0.12233186 0.0539753  0.08521615]
  [0.         0.63971152 0.06108127 0.03768389]]

 [[0.         0.30957552 0.08081629 0.08529273]
  [0.         0.29538844 0.16658812 0.0623389 ]]]
state : 2
eta : 5
pi2 : [[[0.         0.12233186 0.0539753  0.08521615]
  [0.         0.63971152 0.06108127 0.03768389]]

 [[0.         0.30957552 0.08081629 0.08529273]
  [0.         0.29538844 0.16658812 0.0623389 ]]]
state : 3
eta : 1
pi2 : [[[0.         0.         0.57356444 0.07163711]
  [0.         0.         0.28179492 0.07300353]]

 [[0.         0.         0.35380789 0.1040368 ]
  [0.         0.         0.47036895 0.07178636]]]
state : 3
eta : 5
pi2 : [[[0.         0.         0.57356444 0.07163711]
  [0.         0.         0.28179492 0.07300353]]

 [[0.         0.         0.35380789 0.1040368 ]
  [0.         0.         0.47036895 0.07178636]]]
state : 4
eta : 1
pi2 : [[[0.01144959 0.01755959 0.00924366 0.        ]
  [0.0086161  0.94767327 0.00545779 0.        ]]

 [[0.09227054 0.50991336 0.04299967 0.        ]
  [0.20818814 0.08860315 0.05802513 0.        ]]]
state : 4
eta : 5
pi2 : [[[0.01144959 0.01755959 0.00924366 0.        ]
  [0.0086161  0.94767327 0.00545779 0.        ]]

 [[0.09227054 0.50991336 0.04299967 0.        ]
  [0.20818814 0.08860315 0.05802513 0.        ]]]
state : 5
eta : 1
pi2 : [[[0.07315062 0.6804917  0.02371117 0.03191592]
  [0.03649637 0.10299087 0.02280661 0.02843674]]

 [[0.00856491 0.95999466 0.00192639 0.00404365]
  [0.00982267 0.00899962 0.00191034 0.00473775]]]
state : 5
eta : 5
pi2 : [[[0.07315062 0.6804917  0.02371117 0.03191592]
  [0.03649637 0.10299087 0.02280661 0.02843674]]

 [[0.00856491 0.95999466 0.00192639 0.00404365]
  [0.00982267 0.00899962 0.00191034 0.00473775]]]
state : 6
eta : 1
pi2 : [[[0.00662206 0.93867563 0.00344207 0.00388678]
  [0.00601461 0.0330056  0.00361008 0.00474316]]

 [[0.06776065 0.24139749 0.03910046 0.04145318]
  [0.04037576 0.49124228 0.03563979 0.04303039]]]
state : 6
eta : 5
pi2 : [[[0.00662206 0.93867563 0.00344207 0.00388678]
  [0.00601461 0.0330056  0.00361008 0.00474316]]

 [[0.06776065 0.24139749 0.03910046 0.04145318]
  [0.04037576 0.49124228 0.03563979 0.04303039]]]
state : 7
eta : 1
pi2 : [[[0.01084398 0.         0.07997421 0.00995387]
  [0.01091323 0.         0.88004024 0.00827446]]

 [[0.03932005 0.         0.09476113 0.0245985 ]
  [0.02747388 0.         0.78385778 0.02998865]]]
state : 7
eta : 5
pi2 : [[[0.01084398 0.         0.07997421 0.00995387]
  [0.01091323 0.         0.88004024 0.00827446]]

 [[0.03932005 0.         0.09476113 0.0245985 ]
  [0.02747388 0.         0.78385778 0.02998865]]]
state : 8
eta : 1
pi2 : [[[0.9552004  0.00583322 0.00694687 0.        ]
  [0.01943751 0.00854431 0.00403769 0.        ]]

 [[0.92732362 0.00976338 0.01491309 0.        ]
  [0.01462573 0.00948963 0.02388456 0.        ]]]
state : 8
eta : 5
pi2 : [[[0.9552004  0.00583322 0.00694687 0.        ]
  [0.01943751 0.00854431 0.00403769 0.        ]]

 [[0.92732362 0.00976338 0.01491309 0.        ]
  [0.01462573 0.00948963 0.02388456 0.        ]]]
state : 9
eta : 1
pi2 : [[[0.11644536 0.17279654 0.15994763 0.06798395]
  [0.16245807 0.08527987 0.09748495 0.13760364]]

 [[0.47133742 0.07925515 0.06538986 0.06435799]
  [0.08335834 0.09093702 0.04541957 0.09994465]]]
state : 9
eta : 5
pi2 : [[[0.11644536 0.17279654 0.15994763 0.06798395]
  [0.16245807 0.08527987 0.09748495 0.13760364]]

 [[0.47133742 0.07925515 0.06538986 0.06435799]
  [0.08335834 0.09093702 0.04541957 0.09994465]]]
state : 10
eta : 1
pi2 : [[[0.07532237 0.1410317  0.07844225 0.07613976]
  [0.12482074 0.34795218 0.08656308 0.06972794]]

 [[0.15052694 0.18910329 0.10401733 0.07873374]
  [0.1369838  0.18553636 0.05613096 0.09896758]]]
state : 10
eta : 5
pi2 : [[[0.07532237 0.1410317  0.07844225 0.07613976]
  [0.12482074 0.34795218 0.08656308 0.06972794]]

 [[0.15052694 0.18910329 0.10401733 0.07873374]
  [0.1369838  0.18553636 0.05613096 0.09896758]]]
state : 11
eta : 1
pi2 : [[[0.0423962  0.         0.44172323 0.01923586]
  [0.04075828 0.         0.43992716 0.01595927]]

 [[0.01110119 0.         0.48819175 0.00422061]
  [0.01268437 0.         0.47913806 0.00466401]]]
state : 11
eta : 5
pi2 : [[[0.0423962  0.         0.44172323 0.01923586]
  [0.04075828 0.         0.43992716 0.01595927]]

 [[0.01110119 0.         0.48819175 0.00422061]
  [0.01268437 0.         0.47913806 0.00466401]]]
state : 12
eta : 1
pi2 : [[[0.34407375 0.05642804 0.         0.        ]
  [0.51078184 0.08871637 0.         0.        ]]

 [[0.87676115 0.02907434 0.         0.        ]
  [0.0710961  0.02306841 0.         0.        ]]]
state : 12
eta : 5
pi2 : [[[0.34407375 0.05642804 0.         0.        ]
  [0.51078184 0.08871637 0.         0.        ]]

 [[0.87676115 0.02907434 0.         0.        ]
  [0.0710961  0.02306841 0.         0.        ]]]
state : 13
eta : 1
pi2 : [[[0.16666667 0.16666667 0.         0.16666667]
  [0.16666667 0.16666667 0.         0.16666667]]

 [[0.16666667 0.16666667 0.         0.16666667]
  [0.16666667 0.16666667 0.         0.16666667]]]
state : 13
eta : 5
pi2 : [[[0.16666667 0.16666667 0.         0.16666667]
  [0.16666667 0.16666667 0.         0.16666667]]

 [[0.16666667 0.16666667 0.         0.16666667]
  [0.16666667 0.16666667 0.         0.16666667]]]
state : 14
eta : 1
pi2 : [[[0.16666667 0.16666667 0.         0.16666667]
  [0.16666667 0.16666667 0.         0.16666667]]

 [[0.16666667 0.16666667 0.         0.16666667]
  [0.16666667 0.16666667 0.         0.16666667]]]
state : 14
eta : 5
pi2 : [[[0.16666667 0.16666667 0.         0.16666667]
  [0.16666667 0.16666667 0.         0.16666667]]

 [[0.16666667 0.16666667 0.         0.16666667]
  [0.16666667 0.16666667 0.         0.16666667]]]
state : 15
eta : 1
pi2 : [[[0.25 0.   0.   0.25]
  [0.25 0.   0.   0.25]]

 [[0.25 0.   0.   0.25]
  [0.25 0.   0.   0.25]]]
state : 15
eta : 5
pi2 : [[[0.25 0.   0.   0.25]
  [0.25 0.   0.   0.25]]

 [[0.25 0.   0.   0.25]
  [0.25 0.   0.   0.25]]]
