state : 0
eta : 1
pi2 : [[[0.01311056 0.85401982 0.02252506 0.01561057]
  [0.01783099 0.04472773 0.02154083 0.01063443]]

 [[0.07949041 0.1661908  0.06238108 0.07271078]
  [0.07889594 0.29962361 0.20843896 0.03226842]]]
state : 0
eta : 5
pi2 : [[[0.01311056 0.85401982 0.02252506 0.01561057]
  [0.01783099 0.04472773 0.02154083 0.01063443]]

 [[0.07949041 0.1661908  0.06238108 0.07271078]
  [0.07889594 0.29962361 0.20843896 0.03226842]]]
state : 1
eta : 1
pi2 : [[[0.01661937 0.22473138 0.04250735 0.0554469 ]
  [0.01844272 0.43518095 0.17914557 0.02792575]]

 [[0.04832138 0.56441765 0.08084407 0.0682002 ]
  [0.08356702 0.04487957 0.04466457 0.06510554]]]
state : 1
eta : 5
pi2 : [[[0.01661937 0.22473138 0.04250735 0.0554469 ]
  [0.01844272 0.43518095 0.17914557 0.02792575]]

 [[0.04832138 0.56441765 0.08084407 0.0682002 ]
  [0.08356702 0.04487957 0.04466457 0.06510554]]]
state : 2
eta : 1
pi2 : [[[0.0268542  0.0836828  0.59362837 0.03403021]
  [0.01453646 0.13616732 0.07546312 0.03563752]]

 [[0.02784044 0.59087174 0.06604773 0.02670227]
  [0.01713027 0.13144611 0.0900318  0.04992964]]]
state : 2
eta : 5
pi2 : [[[0.0268542  0.0836828  0.59362837 0.03403021]
  [0.01453646 0.13616732 0.07546312 0.03563752]]

 [[0.02784044 0.59087174 0.06604773 0.02670227]
  [0.01713027 0.13144611 0.0900318  0.04992964]]]
state : 3
eta : 1
pi2 : [[[0.01994207 0.02309288 0.50856751 0.03427278]
  [0.02053412 0.01468101 0.33742933 0.0414803 ]]

 [[0.07100954 0.05910017 0.36237988 0.07702801]
  [0.05592308 0.06794079 0.23294558 0.07367296]]]
state : 3
eta : 5
pi2 : [[[0.01994207 0.02309288 0.50856751 0.03427278]
  [0.02053412 0.01468101 0.33742933 0.0414803 ]]

 [[0.07100954 0.05910017 0.36237988 0.07702801]
  [0.05592308 0.06794079 0.23294558 0.07367296]]]
state : 4
eta : 1
pi2 : [[[0.01010084 0.96232564 0.00358503 0.00235496]
  [0.00690045 0.00867899 0.00418794 0.00186616]]

 [[0.13134575 0.03154604 0.02277794 0.04274559]
  [0.04065181 0.69129404 0.01654427 0.02309456]]]
state : 4
eta : 5
pi2 : [[[0.01010084 0.96232564 0.00358503 0.00235496]
  [0.00690045 0.00867899 0.00418794 0.00186616]]

 [[0.13134575 0.03154604 0.02277794 0.04274559]
  [0.04065181 0.69129404 0.01654427 0.02309456]]]
state : 5
eta : 1
pi2 : [[[0.010619   0.95039792 0.00401015 0.0058757 ]
  [0.00697518 0.01287288 0.00303865 0.00621052]]

 [[0.01898339 0.68255995 0.00954294 0.02038234]
  [0.01236856 0.21829938 0.02175495 0.01610848]]]
state : 5
eta : 5
pi2 : [[[0.010619   0.95039792 0.00401015 0.0058757 ]
  [0.00697518 0.01287288 0.00303865 0.00621052]]

 [[0.01898339 0.68255995 0.00954294 0.02038234]
  [0.01236856 0.21829938 0.02175495 0.01610848]]]
state : 6
eta : 1
pi2 : [[[0.00545218 0.84828795 0.00345512 0.00799765]
  [0.00762156 0.11484322 0.008047   0.00429533]]

 [[0.01616656 0.09156827 0.01276994 0.01470493]
  [0.02377767 0.79983829 0.02670541 0.01446894]]]
state : 6
eta : 5
pi2 : [[[0.00545218 0.84828795 0.00345512 0.00799765]
  [0.00762156 0.11484322 0.008047   0.00429533]]

 [[0.01616656 0.09156827 0.01276994 0.01470493]
  [0.02377767 0.79983829 0.02670541 0.01446894]]]
state : 7
eta : 1
pi2 : [[[0.00217038 0.0011778  0.96982476 0.00268319]
  [0.00209288 0.00122463 0.01893363 0.00189272]]

 [[0.00666567 0.0080151  0.91712527 0.00773339]
  [0.00607349 0.00776749 0.04062722 0.00599238]]]
state : 7
eta : 5
pi2 : [[[0.00217038 0.0011778  0.96982476 0.00268319]
  [0.00209288 0.00122463 0.01893363 0.00189272]]

 [[0.00666567 0.0080151  0.91712527 0.00773339]
  [0.00607349 0.00776749 0.04062722 0.00599238]]]
state : 8
eta : 1
pi2 : [[[9.65299048e-01 2.17444307e-03 3.61810993e-03 1.20900907e-03]
  [1.90772421e-02 6.23279751e-03 1.59393542e-03 7.95414498e-04]]

 [[1.16046178e-01 1.30635176e-01 1.01480570e-01 4.74224861e-02]
  [3.16314320e-01 2.02616824e-01 3.24897688e-02 5.29946771e-02]]]
state : 8
eta : 5
pi2 : [[[9.65299048e-01 2.17444307e-03 3.61810993e-03 1.20900907e-03]
  [1.90772421e-02 6.23279751e-03 1.59393542e-03 7.95414498e-04]]

 [[1.16046178e-01 1.30635176e-01 1.01480570e-01 4.74224861e-02]
  [3.16314320e-01 2.02616824e-01 3.24897688e-02 5.29946771e-02]]]
state : 9
eta : 1
pi2 : [[[0.05529141 0.06985946 0.01417044 0.04150043]
  [0.67113043 0.08597132 0.01830395 0.04377258]]

 [[0.22490606 0.11828654 0.05121246 0.06550015]
  [0.12083363 0.30817045 0.06163558 0.04945514]]]
state : 9
eta : 5
pi2 : [[[0.05529141 0.06985946 0.01417044 0.04150043]
  [0.67113043 0.08597132 0.01830395 0.04377258]]

 [[0.22490606 0.11828654 0.05121246 0.06550015]
  [0.12083363 0.30817045 0.06163558 0.04945514]]]
state : 10
eta : 1
pi2 : [[[0.17116497 0.22819542 0.02920277 0.06536839]
  [0.15774854 0.29481071 0.02309042 0.03041877]]

 [[0.11473064 0.44819157 0.0392382  0.03893303]
  [0.15212277 0.13939465 0.0345656  0.03282354]]]
state : 10
eta : 5
pi2 : [[[0.17116497 0.22819542 0.02920277 0.06536839]
  [0.15774854 0.29481071 0.02309042 0.03041877]]

 [[0.11473064 0.44819157 0.0392382  0.03893303]
  [0.15212277 0.13939465 0.0345656  0.03282354]]]
state : 11
eta : 1
pi2 : [[[1.61515274e-03 8.22118815e-04 9.86797980e-01 5.54476719e-04]
  [1.17172406e-03 7.66811316e-04 7.57462193e-03 6.97114319e-04]]

 [[1.27292197e-02 8.17023948e-03 8.79486912e-01 3.97834820e-03]
  [9.45979319e-03 8.81298301e-03 7.05162114e-02 6.84629256e-03]]]
state : 11
eta : 5
pi2 : [[[1.61515274e-03 8.22118815e-04 9.86797980e-01 5.54476719e-04]
  [1.17172406e-03 7.66811316e-04 7.57462193e-03 6.97114319e-04]]

 [[1.27292197e-02 8.17023948e-03 8.79486912e-01 3.97834820e-03]
  [9.45979319e-03 8.81298301e-03 7.05162114e-02 6.84629256e-03]]]
state : 12
eta : 1
pi2 : [[[0.97267179 0.00208654 0.00303934 0.00930712]
  [0.00216684 0.00260837 0.00213627 0.00598373]]

 [[0.05435156 0.01592194 0.13767863 0.02378425]
  [0.63203069 0.05764443 0.02706813 0.05152036]]]
state : 12
eta : 5
pi2 : [[[0.97267179 0.00208654 0.00303934 0.00930712]
  [0.00216684 0.00260837 0.00213627 0.00598373]]

 [[0.05435156 0.01592194 0.13767863 0.02378425]
  [0.63203069 0.05764443 0.02706813 0.05152036]]]
state : 13
eta : 1
pi2 : [[[0.140527 0.140527 0.078419 0.140527]
  [0.140527 0.140527 0.078419 0.140527]]

 [[0.140527 0.140527 0.078419 0.140527]
  [0.140527 0.140527 0.078419 0.140527]]]
state : 13
eta : 5
pi2 : [[[0.140527 0.140527 0.078419 0.140527]
  [0.140527 0.140527 0.078419 0.140527]]

 [[0.140527 0.140527 0.078419 0.140527]
  [0.140527 0.140527 0.078419 0.140527]]]
state : 14
eta : 1
pi2 : [[[0.140527 0.140527 0.078419 0.140527]
  [0.140527 0.140527 0.078419 0.140527]]

 [[0.140527 0.140527 0.078419 0.140527]
  [0.140527 0.140527 0.078419 0.140527]]]
state : 14
eta : 5
pi2 : [[[0.140527 0.140527 0.078419 0.140527]
  [0.140527 0.140527 0.078419 0.140527]]

 [[0.140527 0.140527 0.078419 0.140527]
  [0.140527 0.140527 0.078419 0.140527]]]
state : 15
eta : 1
pi2 : [[[0.16045851 0.08954149 0.08954149 0.16045851]
  [0.16045851 0.08954149 0.08954149 0.16045851]]

 [[0.16045851 0.08954149 0.08954149 0.16045851]
  [0.16045851 0.08954149 0.08954149 0.16045851]]]
state : 15
eta : 5
pi2 : [[[0.16045851 0.08954149 0.08954149 0.16045851]
  [0.16045851 0.08954149 0.08954149 0.16045851]]

 [[0.16045851 0.08954149 0.08954149 0.16045851]
  [0.16045851 0.08954149 0.08954149 0.16045851]]]
