state : 0
eta : 1
pi2 : [[[0.125 0.125 0.125 0.125]
  [0.125 0.125 0.125 0.125]]

 [[0.125 0.125 0.125 0.125]
  [0.125 0.125 0.125 0.125]]]
state : 0
eta : 50
pi2 : [[[0.125 0.125 0.125 0.125]
  [0.125 0.125 0.125 0.125]]

 [[0.125 0.125 0.125 0.125]
  [0.125 0.125 0.125 0.125]]]
state : 1
eta : 1
pi2 : [[[0.125 0.125 0.125 0.125]
  [0.125 0.125 0.125 0.125]]

 [[0.125 0.125 0.125 0.125]
  [0.125 0.125 0.125 0.125]]]
state : 1
eta : 50
pi2 : [[[0.125 0.125 0.125 0.125]
  [0.125 0.125 0.125 0.125]]

 [[0.125 0.125 0.125 0.125]
  [0.125 0.125 0.125 0.125]]]
state : 2
eta : 1
pi2 : [[[0.125 0.125 0.125 0.125]
  [0.125 0.125 0.125 0.125]]

 [[0.125 0.125 0.125 0.125]
  [0.125 0.125 0.125 0.125]]]
state : 2
eta : 50
pi2 : [[[0.125 0.125 0.125 0.125]
  [0.125 0.125 0.125 0.125]]

 [[0.125 0.125 0.125 0.125]
  [0.125 0.125 0.125 0.125]]]
state : 3
eta : 1
pi2 : [[[0.125 0.125 0.125 0.125]
  [0.125 0.125 0.125 0.125]]

 [[0.125 0.125 0.125 0.125]
  [0.125 0.125 0.125 0.125]]]
state : 3
eta : 50
pi2 : [[[0.125 0.125 0.125 0.125]
  [0.125 0.125 0.125 0.125]]

 [[0.125 0.125 0.125 0.125]
  [0.125 0.125 0.125 0.125]]]
state : 4
eta : 1
pi2 : [[[0.125 0.125 0.125 0.125]
  [0.125 0.125 0.125 0.125]]

 [[0.125 0.125 0.125 0.125]
  [0.125 0.125 0.125 0.125]]]
state : 4
eta : 50
pi2 : [[[0.125 0.125 0.125 0.125]
  [0.125 0.125 0.125 0.125]]

 [[0.125 0.125 0.125 0.125]
  [0.125 0.125 0.125 0.125]]]
state : 5
eta : 1
pi2 : [[[0.125 0.125 0.125 0.125]
  [0.125 0.125 0.125 0.125]]

 [[0.125 0.125 0.125 0.125]
  [0.125 0.125 0.125 0.125]]]
state : 5
eta : 50
pi2 : [[[0.125 0.125 0.125 0.125]
  [0.125 0.125 0.125 0.125]]

 [[0.125 0.125 0.125 0.125]
  [0.125 0.125 0.125 0.125]]]
state : 6
eta : 1
pi2 : [[[0.125 0.125 0.125 0.125]
  [0.125 0.125 0.125 0.125]]

 [[0.125 0.125 0.125 0.125]
  [0.125 0.125 0.125 0.125]]]
state : 6
eta : 50
pi2 : [[[0.125 0.125 0.125 0.125]
  [0.125 0.125 0.125 0.125]]

 [[0.125 0.125 0.125 0.125]
  [0.125 0.125 0.125 0.125]]]
state : 7
eta : 1
pi2 : [[[0.125 0.125 0.125 0.125]
  [0.125 0.125 0.125 0.125]]

 [[0.125 0.125 0.125 0.125]
  [0.125 0.125 0.125 0.125]]]
state : 7
eta : 50
pi2 : [[[0.125 0.125 0.125 0.125]
  [0.125 0.125 0.125 0.125]]

 [[0.125 0.125 0.125 0.125]
  [0.125 0.125 0.125 0.125]]]
state : 8
eta : 1
pi2 : [[[0.125 0.125 0.125 0.125]
  [0.125 0.125 0.125 0.125]]

 [[0.125 0.125 0.125 0.125]
  [0.125 0.125 0.125 0.125]]]
state : 8
eta : 50
pi2 : [[[0.125 0.125 0.125 0.125]
  [0.125 0.125 0.125 0.125]]

 [[0.125 0.125 0.125 0.125]
  [0.125 0.125 0.125 0.125]]]
state : 9
eta : 1
pi2 : [[[0.125 0.125 0.125 0.125]
  [0.125 0.125 0.125 0.125]]

 [[0.125 0.125 0.125 0.125]
  [0.125 0.125 0.125 0.125]]]
state : 9
eta : 50
pi2 : [[[0.125 0.125 0.125 0.125]
  [0.125 0.125 0.125 0.125]]

 [[0.125 0.125 0.125 0.125]
  [0.125 0.125 0.125 0.125]]]
state : 10
eta : 1
pi2 : [[[0.125 0.125 0.125 0.125]
  [0.125 0.125 0.125 0.125]]

 [[0.125 0.125 0.125 0.125]
  [0.125 0.125 0.125 0.125]]]
state : 10
eta : 50
pi2 : [[[0.125 0.125 0.125 0.125]
  [0.125 0.125 0.125 0.125]]

 [[0.125 0.125 0.125 0.125]
  [0.125 0.125 0.125 0.125]]]
state : 11
eta : 1
pi2 : [[[0.125 0.125 0.125 0.125]
  [0.125 0.125 0.125 0.125]]

 [[0.125 0.125 0.125 0.125]
  [0.125 0.125 0.125 0.125]]]
state : 11
eta : 50
pi2 : [[[0.125 0.125 0.125 0.125]
  [0.125 0.125 0.125 0.125]]

 [[0.125 0.125 0.125 0.125]
  [0.125 0.125 0.125 0.125]]]
state : 12
eta : 1
pi2 : [[[0.125 0.125 0.125 0.125]
  [0.125 0.125 0.125 0.125]]

 [[0.125 0.125 0.125 0.125]
  [0.125 0.125 0.125 0.125]]]
state : 12
eta : 50
pi2 : [[[0.125 0.125 0.125 0.125]
  [0.125 0.125 0.125 0.125]]

 [[0.125 0.125 0.125 0.125]
  [0.125 0.125 0.125 0.125]]]
state : 13
eta : 1
pi2 : [[[0.125 0.125 0.125 0.125]
  [0.125 0.125 0.125 0.125]]

 [[0.125 0.125 0.125 0.125]
  [0.125 0.125 0.125 0.125]]]
state : 13
eta : 50
pi2 : [[[0.125 0.125 0.125 0.125]
  [0.125 0.125 0.125 0.125]]

 [[0.125 0.125 0.125 0.125]
  [0.125 0.125 0.125 0.125]]]
state : 14
eta : 1
pi2 : [[[0.125 0.125 0.125 0.125]
  [0.125 0.125 0.125 0.125]]

 [[0.125 0.125 0.125 0.125]
  [0.125 0.125 0.125 0.125]]]
state : 14
eta : 50
pi2 : [[[0.125 0.125 0.125 0.125]
  [0.125 0.125 0.125 0.125]]

 [[0.125 0.125 0.125 0.125]
  [0.125 0.125 0.125 0.125]]]
state : 15
eta : 1
pi2 : [[[0.125 0.125 0.125 0.125]
  [0.125 0.125 0.125 0.125]]

 [[0.125 0.125 0.125 0.125]
  [0.125 0.125 0.125 0.125]]]
state : 15
eta : 50
pi2 : [[[0.125 0.125 0.125 0.125]
  [0.125 0.125 0.125 0.125]]

 [[0.125 0.125 0.125 0.125]
  [0.125 0.125 0.125 0.125]]]
