state : 0
eta : 1
pi2 : [[[0.12844697 0.12281164 0.1006571  0.1297809 ]
  [0.13029916 0.13030708 0.12941457 0.12828258]]

 [[0.12460121 0.12542892 0.1245707  0.1254284 ]
  [0.12457685 0.12542776 0.12538341 0.12458274]]]
state : 0
eta : 50
pi2 : [[[0.12844697 0.12281164 0.1006571  0.1297809 ]
  [0.13029916 0.13030708 0.12941457 0.12828258]]

 [[0.12460121 0.12542892 0.1245707  0.1254284 ]
  [0.12457685 0.12542776 0.12538341 0.12458274]]]
state : 1
eta : 1
pi2 : [[[0.12521466 0.13333276 0.1338802  0.12479515]
  [0.10776624 0.10797835 0.13309262 0.13394002]]

 [[0.1320278  0.13095584 0.10682815 0.13057595]
  [0.1314726  0.10472296 0.13143566 0.13198105]]]
state : 1
eta : 50
pi2 : [[[0.12521466 0.13333276 0.1338802  0.12479515]
  [0.10776624 0.10797835 0.13309262 0.13394002]]

 [[0.1320278  0.13095584 0.10682815 0.13057595]
  [0.1314726  0.10472296 0.13143566 0.13198105]]]
state : 2
eta : 1
pi2 : [[[0.12231002 0.12519353 0.12668231 0.12466328]
  [0.12483071 0.12568616 0.12486143 0.12577256]]

 [[0.13786452 0.1365029  0.1217391  0.10335509]
  [0.10060034 0.12705784 0.13726869 0.13561153]]]
state : 2
eta : 50
pi2 : [[[0.12231002 0.12519353 0.12668231 0.12466328]
  [0.12483071 0.12568616 0.12486143 0.12577256]]

 [[0.13786452 0.1365029  0.1217391  0.10335509]
  [0.10060034 0.12705784 0.13726869 0.13561153]]]
state : 3
eta : 1
pi2 : [[[0.12359529 0.11658235 0.12377862 0.12762274]
  [0.12694157 0.12242702 0.13021016 0.12884225]]

 [[0.12300916 0.12638314 0.12822551 0.12568594]
  [0.1242781  0.12701703 0.12276466 0.12263645]]]
state : 3
eta : 50
pi2 : [[[0.12359529 0.11658235 0.12377862 0.12762274]
  [0.12694157 0.12242702 0.13021016 0.12884225]]

 [[0.12300916 0.12638314 0.12822551 0.12568594]
  [0.1242781  0.12701703 0.12276466 0.12263645]]]
state : 4
eta : 1
pi2 : [[[0.10334938 0.13277328 0.13264816 0.13233244]
  [0.13385399 0.12757823 0.13328599 0.10417854]]

 [[0.13184208 0.10364433 0.13159163 0.13130676]
  [0.13184277 0.13049558 0.10743672 0.13184012]]]
state : 4
eta : 50
pi2 : [[[0.10334938 0.13277328 0.13264816 0.13233244]
  [0.13385399 0.12757823 0.13328599 0.10417854]]

 [[0.13184208 0.10364433 0.13159163 0.13130676]
  [0.13184277 0.13049558 0.10743672 0.13184012]]]
state : 5
eta : 1
pi2 : [[[0.1169792  0.13343075 0.13370786 0.13409351]
  [0.10546071 0.13373061 0.13402718 0.10857017]]

 [[0.13396702 0.1278978  0.13401382 0.1027186 ]
  [0.13473326 0.10264752 0.12929847 0.13472352]]]
state : 5
eta : 50
pi2 : [[[0.1169792  0.13343075 0.13370786 0.13409351]
  [0.10546071 0.13373061 0.13402718 0.10857017]]

 [[0.13396702 0.1278978  0.13401382 0.1027186 ]
  [0.13473326 0.10264752 0.12929847 0.13472352]]]
state : 6
eta : 1
pi2 : [[[0.13376922 0.12779067 0.11990467 0.12529908]
  [0.13107651 0.13328353 0.12669772 0.10217861]]

 [[0.13003976 0.13010989 0.13103571 0.1297636 ]
  [0.13024037 0.12778958 0.12465185 0.09636923]]]
state : 6
eta : 50
pi2 : [[[0.13376922 0.12779067 0.11990467 0.12529908]
  [0.13107651 0.13328353 0.12669772 0.10217861]]

 [[0.13003976 0.13010989 0.13103571 0.1297636 ]
  [0.13024037 0.12778958 0.12465185 0.09636923]]]
state : 7
eta : 1
pi2 : [[[0.12653484 0.12488984 0.12458852 0.12641147]
  [0.12801709 0.12202272 0.12390797 0.12362755]]

 [[0.12080827 0.12560896 0.12894704 0.12131931]
  [0.12224949 0.1219251  0.13083563 0.1283062 ]]]
state : 7
eta : 50
pi2 : [[[0.12653484 0.12488984 0.12458852 0.12641147]
  [0.12801709 0.12202272 0.12390797 0.12362755]]

 [[0.12080827 0.12560896 0.12894704 0.12131931]
  [0.12224949 0.1219251  0.13083563 0.1283062 ]]]
state : 8
eta : 1
pi2 : [[[0.12756578 0.12803426 0.12793188 0.1279066 ]
  [0.12769794 0.10511243 0.12803394 0.12771718]]

 [[0.12480129 0.1220474  0.12948818 0.12891698]
  [0.12947318 0.12946709 0.10632473 0.12948114]]]
state : 8
eta : 50
pi2 : [[[0.12756578 0.12803426 0.12793188 0.1279066 ]
  [0.12769794 0.10511243 0.12803394 0.12771718]]

 [[0.12480129 0.1220474  0.12948818 0.12891698]
  [0.12947318 0.12946709 0.10632473 0.12948114]]]
state : 9
eta : 1
pi2 : [[[0.11894178 0.125971   0.12592717 0.12579301]
  [0.12596296 0.12602805 0.12537459 0.12600145]]

 [[0.13613912 0.13482697 0.13620595 0.13620648]
  [0.13602511 0.09228781 0.10698249 0.12132607]]]
state : 9
eta : 50
pi2 : [[[0.11894178 0.125971   0.12592717 0.12579301]
  [0.12596296 0.12602805 0.12537459 0.12600145]]

 [[0.13613912 0.13482697 0.13620595 0.13620648]
  [0.13602511 0.09228781 0.10698249 0.12132607]]]
state : 10
eta : 1
pi2 : [[[0.12679684 0.12151294 0.12677509 0.12673435]
  [0.12682889 0.11924864 0.1252975  0.12680573]]

 [[0.10473408 0.15085074 0.10493161 0.15012964]
  [0.13949073 0.14740798 0.11691827 0.08553696]]]
state : 10
eta : 50
pi2 : [[[0.12679684 0.12151294 0.12677509 0.12673435]
  [0.12682889 0.11924864 0.1252975  0.12680573]]

 [[0.10473408 0.15085074 0.10493161 0.15012964]
  [0.13949073 0.14740798 0.11691827 0.08553696]]]
state : 11
eta : 1
pi2 : [[[0.12925857 0.1237042  0.13582641 0.13325386]
  [0.1233128  0.12893206 0.13582641 0.0898857 ]]

 [[0.11857157 0.12537896 0.1272412  0.12711667]
  [0.12064395 0.12703678 0.1272412  0.12676966]]]
state : 11
eta : 50
pi2 : [[[0.12925857 0.1237042  0.13582641 0.13325386]
  [0.1233128  0.12893206 0.13582641 0.0898857 ]]

 [[0.11857157 0.12537896 0.1272412  0.12711667]
  [0.12064395 0.12703678 0.1272412  0.12676966]]]
state : 12
eta : 1
pi2 : [[[0.12504706 0.12495715 0.1250485  0.12489818]
  [0.12504846 0.1250485  0.12504841 0.12490375]]

 [[0.10524562 0.12769974 0.12783188 0.12784742]
  [0.12784902 0.12784625 0.12783115 0.12784892]]]
state : 12
eta : 50
pi2 : [[[0.12504706 0.12495715 0.1250485  0.12489818]
  [0.12504846 0.1250485  0.12504841 0.12490375]]

 [[0.10524562 0.12769974 0.12783188 0.12784742]
  [0.12784902 0.12784625 0.12783115 0.12784892]]]
state : 13
eta : 1
pi2 : [[[0.125 0.125 0.125 0.125]
  [0.125 0.125 0.125 0.125]]

 [[0.125 0.125 0.125 0.125]
  [0.125 0.125 0.125 0.125]]]
state : 13
eta : 50
pi2 : [[[0.125 0.125 0.125 0.125]
  [0.125 0.125 0.125 0.125]]

 [[0.125 0.125 0.125 0.125]
  [0.125 0.125 0.125 0.125]]]
state : 14
eta : 1
pi2 : [[[0.125 0.125 0.125 0.125]
  [0.125 0.125 0.125 0.125]]

 [[0.125 0.125 0.125 0.125]
  [0.125 0.125 0.125 0.125]]]
state : 14
eta : 50
pi2 : [[[0.125 0.125 0.125 0.125]
  [0.125 0.125 0.125 0.125]]

 [[0.125 0.125 0.125 0.125]
  [0.125 0.125 0.125 0.125]]]
state : 15
eta : 1
pi2 : [[[0.125 0.125 0.125 0.125]
  [0.125 0.125 0.125 0.125]]

 [[0.125 0.125 0.125 0.125]
  [0.125 0.125 0.125 0.125]]]
state : 15
eta : 50
pi2 : [[[0.125 0.125 0.125 0.125]
  [0.125 0.125 0.125 0.125]]

 [[0.125 0.125 0.125 0.125]
  [0.125 0.125 0.125 0.125]]]
