state : 0
eta : 1
pi2 : [[[0.06451506 0.16611044 0.10359948 0.06414369]
  [0.18000206 0.06713356 0.17831776 0.17617797]]

 [[0.05222665 0.14983174 0.14865655 0.14983103]
  [0.05118154 0.14983016 0.14976932 0.14867301]]]
state : 0
eta : 50
pi2 : [[[0.06451506 0.16611044 0.10359948 0.06414369]
  [0.18000206 0.06713356 0.17831776 0.17617797]]

 [[0.05222665 0.14983174 0.14865655 0.14983103]
  [0.05118154 0.14983016 0.14976932 0.14867301]]]
state : 1
eta : 1
pi2 : [[[0.1336859  0.14217403 0.14275133 0.13324838]
  [0.04743815 0.11596682 0.14192095 0.14281444]]

 [[0.21719566 0.01637248 0.11690376 0.21269623]
  [0.03659134 0.110909   0.21535018 0.07398135]]]
state : 1
eta : 50
pi2 : [[[0.1336859  0.14217403 0.14275133 0.13324838]
  [0.04743815 0.11596682 0.14192095 0.14281444]]

 [[0.21719566 0.01637248 0.11690376 0.21269623]
  [0.03659134 0.110909   0.21535018 0.07398135]]]
state : 2
eta : 1
pi2 : [[[0.10330658 0.08099308 0.09303218 0.21155266]
  [0.1024837  0.10996248 0.21202716 0.08664216]]

 [[0.10584881 0.21139946 0.07978425 0.11760658]
  [0.11315941 0.1899403  0.11162943 0.07063175]]]
state : 2
eta : 50
pi2 : [[[0.10330658 0.08099308 0.09303218 0.21155266]
  [0.1024837  0.10996248 0.21202716 0.08664216]]

 [[0.10584881 0.21139946 0.07978425 0.11760658]
  [0.11315941 0.1899403  0.11162943 0.07063175]]]
state : 3
eta : 1
pi2 : [[[0.14528728 0.13638655 0.14552221 0.15045932]
  [0.05748773 0.14379044 0.15386191 0.06720456]]

 [[0.15515071 0.1602901  0.16313398 0.06365722]
  [0.06157832 0.16126579 0.154782   0.08014188]]]
state : 3
eta : 50
pi2 : [[[0.14528728 0.13638655 0.14552221 0.15045932]
  [0.05748773 0.14379044 0.15386191 0.06720456]]

 [[0.15515071 0.1602901  0.16313398 0.06365722]
  [0.06157832 0.16126579 0.154782   0.08014188]]]
state : 4
eta : 1
pi2 : [[[0.1056121  0.16861511 0.09268268 0.09059129]
  [0.17029145 0.09576335 0.16940921 0.1070348 ]]

 [[0.13404472 0.09633869 0.1338215  0.13356758]
  [0.13404533 0.1328444  0.10129482 0.13404297]]]
state : 4
eta : 50
pi2 : [[[0.1056121  0.16861511 0.09268268 0.09059129]
  [0.17029145 0.09576335 0.16940921 0.1070348 ]]

 [[0.13404472 0.09633869 0.1338215  0.13356758]
  [0.13404533 0.1328444  0.10129482 0.13404297]]]
state : 5
eta : 1
pi2 : [[[0.06367893 0.15873912 0.1591168  0.08526506]
  [0.1046153  0.15914783 0.15955256 0.10988441]]

 [[0.1454853  0.13894211 0.08759808 0.09765895]
  [0.14630614 0.0972035  0.14051023 0.1462957 ]]]
state : 5
eta : 50
pi2 : [[[0.06367893 0.15873912 0.1591168  0.08526506]
  [0.1046153  0.15914783 0.15955256 0.10988441]]

 [[0.1454853  0.13894211 0.08759808 0.09765895]
  [0.14630614 0.0972035  0.14051023 0.1462957 ]]]
state : 6
eta : 1
pi2 : [[[0.16036557 0.15207169 0.06381467 0.1488363 ]
  [0.15658801 0.06917684 0.15071236 0.09843455]]

 [[0.16454235 0.16463215 0.16618015 0.03990732]
  [0.05508397 0.16087884 0.15586022 0.092915  ]]]
state : 6
eta : 50
pi2 : [[[0.16036557 0.15207169 0.06381467 0.1488363 ]
  [0.15658801 0.06917684 0.15071236 0.09843455]]

 [[0.16454235 0.16463215 0.16618015 0.03990732]
  [0.05508397 0.16087884 0.15586022 0.092915  ]]]
state : 7
eta : 1
pi2 : [[[0.1262862  0.12489325 0.12465861 0.12615697]
  [0.12751069 0.12254693 0.12406742 0.12387993]]

 [[0.0567717  0.13458684 0.13885595 0.13028441]
  [0.13121974 0.13090106 0.13998536 0.13739493]]]
state : 7
eta : 50
pi2 : [[[0.1262862  0.12489325 0.12465861 0.12615697]
  [0.12751069 0.12254693 0.12406742 0.12387993]]

 [[0.0567717  0.13458684 0.13885595 0.13028441]
  [0.13121974 0.13090106 0.13998536 0.13739493]]]
state : 8
eta : 1
pi2 : [[[0.0917574  0.15615751 0.15601629 0.08669611]
  [0.15569383 0.1092294  0.15615707 0.08829239]]

 [[0.13365114 0.13088812 0.138368   0.07969876]
  [0.13835287 0.13834672 0.10233351 0.1383609 ]]]
state : 8
eta : 50
pi2 : [[[0.0917574  0.15615751 0.15601629 0.08669611]
  [0.15569383 0.1092294  0.15615707 0.08829239]]

 [[0.13365114 0.13088812 0.138368   0.07969876]
  [0.13835287 0.13834672 0.10233351 0.1383609 ]]]
state : 9
eta : 1
pi2 : [[[0.12573115 0.13240654 0.13236489 0.13223741]
  [0.1323989  0.13246075 0.07996488 0.13243548]]

 [[0.13788539 0.1367143  0.13794502 0.1379455 ]
  [0.13778365 0.08541934 0.1016629  0.12464391]]]
state : 9
eta : 50
pi2 : [[[0.12573115 0.13240654 0.13236489 0.13223741]
  [0.1323989  0.13246075 0.07996488 0.13243548]]

 [[0.13788539 0.1367143  0.13794502 0.1379455 ]
  [0.13778365 0.08541934 0.1016629  0.12464391]]]
state : 10
eta : 1
pi2 : [[[0.13610277 0.1306603  0.13608061 0.1360391 ]
  [0.0619892  0.12843995 0.13457625 0.13611182]]

 [[0.09863899 0.17339287 0.12685677 0.17244418]
  [0.05245857 0.16882774 0.12657355 0.08080732]]]
state : 10
eta : 50
pi2 : [[[0.13610277 0.1306603  0.13608061 0.1360391 ]
  [0.0619892  0.12843995 0.13457625 0.13611182]]

 [[0.09863899 0.17339287 0.12685677 0.17244418]
  [0.05245857 0.16882774 0.12657355 0.08080732]]]
state : 11
eta : 1
pi2 : [[[0.12774144 0.12327572 0.13299908 0.13095063]
  [0.12296467 0.12973779 0.13299908 0.09933159]]

 [[0.11953945 0.12518394 0.12672159 0.12661908]
  [0.12232773 0.1265533  0.12672159 0.12633333]]]
state : 11
eta : 50
pi2 : [[[0.12774144 0.12327572 0.13299908 0.13095063]
  [0.12296467 0.12973779 0.13299908 0.09933159]]

 [[0.11953945 0.12518394 0.12672159 0.12661908]
  [0.12232773 0.1265533  0.12672159 0.12633333]]]
state : 12
eta : 1
pi2 : [[[0.12503896 0.12496453 0.12504015 0.1249157 ]
  [0.12504012 0.12504015 0.12504008 0.1249203 ]]

 [[0.0985677  0.12867124 0.12878446 0.12879778]
  [0.12879914 0.12879678 0.12878383 0.12879906]]]
state : 12
eta : 50
pi2 : [[[0.12503896 0.12496453 0.12504015 0.1249157 ]
  [0.12504012 0.12504015 0.12504008 0.1249203 ]]

 [[0.0985677  0.12867124 0.12878446 0.12879778]
  [0.12879914 0.12879678 0.12878383 0.12879906]]]
state : 13
eta : 1
pi2 : [[[0.125 0.125 0.125 0.125]
  [0.125 0.125 0.125 0.125]]

 [[0.125 0.125 0.125 0.125]
  [0.125 0.125 0.125 0.125]]]
state : 13
eta : 50
pi2 : [[[0.125 0.125 0.125 0.125]
  [0.125 0.125 0.125 0.125]]

 [[0.125 0.125 0.125 0.125]
  [0.125 0.125 0.125 0.125]]]
state : 14
eta : 1
pi2 : [[[0.125 0.125 0.125 0.125]
  [0.125 0.125 0.125 0.125]]

 [[0.125 0.125 0.125 0.125]
  [0.125 0.125 0.125 0.125]]]
state : 14
eta : 50
pi2 : [[[0.125 0.125 0.125 0.125]
  [0.125 0.125 0.125 0.125]]

 [[0.125 0.125 0.125 0.125]
  [0.125 0.125 0.125 0.125]]]
state : 15
eta : 1
pi2 : [[[0.125 0.125 0.125 0.125]
  [0.125 0.125 0.125 0.125]]

 [[0.125 0.125 0.125 0.125]
  [0.125 0.125 0.125 0.125]]]
state : 15
eta : 50
pi2 : [[[0.125 0.125 0.125 0.125]
  [0.125 0.125 0.125 0.125]]

 [[0.125 0.125 0.125 0.125]
  [0.125 0.125 0.125 0.125]]]
