state : 0
eta : 1
pi2 : [[[0.         0.74981905 0.09347016 0.        ]
  [0.         0.07870066 0.07801013 0.        ]]

 [[0.         0.8267334  0.06021013 0.        ]
  [0.         0.081742   0.03131447 0.        ]]]
state : 0
eta : 5
pi2 : [[[0.         0.74981905 0.09347016 0.        ]
  [0.         0.07870066 0.07801013 0.        ]]

 [[0.         0.8267334  0.06021013 0.        ]
  [0.         0.081742   0.03131447 0.        ]]]
state : 1
eta : 1
pi2 : [[[0.         0.78524347 0.05090348 0.03508249]
  [0.         0.0557502  0.04611451 0.02690586]]

 [[0.         0.44966414 0.10804601 0.03823429]
  [0.         0.08530308 0.21214391 0.10660857]]]
state : 1
eta : 5
pi2 : [[[0.         0.78524347 0.05090348 0.03508249]
  [0.         0.0557502  0.04611451 0.02690586]]

 [[0.         0.44966414 0.10804601 0.03823429]
  [0.         0.08530308 0.21214391 0.10660857]]]
state : 2
eta : 1
pi2 : [[[0.         0.86906647 0.02627081 0.02728122]
  [0.         0.03387604 0.02856683 0.01493862]]

 [[0.         0.23923423 0.22393017 0.22654848]
  [0.         0.15775498 0.07939994 0.0731322 ]]]
state : 2
eta : 5
pi2 : [[[0.         0.86906647 0.02627081 0.02728122]
  [0.         0.03387604 0.02856683 0.01493862]]

 [[0.         0.23923423 0.22393017 0.22654848]
  [0.         0.15775498 0.07939994 0.0731322 ]]]
state : 3
eta : 1
pi2 : [[[0.         0.         0.12305183 0.05413551]
  [0.         0.         0.78966649 0.03314617]]

 [[0.         0.         0.25565141 0.21166605]
  [0.         0.         0.38541248 0.14727006]]]
state : 3
eta : 5
pi2 : [[[0.         0.         0.12305183 0.05413551]
  [0.         0.         0.78966649 0.03314617]]

 [[0.         0.         0.25565141 0.21166605]
  [0.         0.         0.38541248 0.14727006]]]
state : 4
eta : 1
pi2 : [[[0.01785939 0.95420128 0.00349345 0.        ]
  [0.01144992 0.0070987  0.00589726 0.        ]]

 [[0.0657412  0.26813336 0.07673233 0.        ]
  [0.41160806 0.09020039 0.08758466 0.        ]]]
state : 4
eta : 5
pi2 : [[[0.01785939 0.95420128 0.00349345 0.        ]
  [0.01144992 0.0070987  0.00589726 0.        ]]

 [[0.0657412  0.26813336 0.07673233 0.        ]
  [0.41160806 0.09020039 0.08758466 0.        ]]]
state : 5
eta : 1
pi2 : [[[0.00375255 0.97679774 0.00107521 0.00238325]
  [0.00412809 0.00608778 0.00153568 0.0042397 ]]

 [[0.01908231 0.85607119 0.00902905 0.03011317]
  [0.01492214 0.03141871 0.02075496 0.01860847]]]
state : 5
eta : 5
pi2 : [[[0.00375255 0.97679774 0.00107521 0.00238325]
  [0.00412809 0.00608778 0.00153568 0.0042397 ]]

 [[0.01908231 0.85607119 0.00902905 0.03011317]
  [0.01492214 0.03141871 0.02075496 0.01860847]]]
state : 6
eta : 1
pi2 : [[[0.00347127 0.00771345 0.0013119  0.00216364]
  [0.00527548 0.97378355 0.00225202 0.0040287 ]]

 [[0.18593973 0.41092597 0.03048518 0.05987437]
  [0.10758487 0.09163446 0.04742041 0.06613502]]]
state : 6
eta : 5
pi2 : [[[0.00347127 0.00771345 0.0013119  0.00216364]
  [0.00527548 0.97378355 0.00225202 0.0040287 ]]

 [[0.18593973 0.41092597 0.03048518 0.05987437]
  [0.10758487 0.09163446 0.04742041 0.06613502]]]
state : 7
eta : 1
pi2 : [[[0.03877599 0.         0.71514294 0.04633336]
  [0.05160673 0.         0.1082763  0.03986468]]

 [[0.00575024 0.         0.97337209 0.00417886]
  [0.0030962  0.         0.01085552 0.0027471 ]]]
state : 7
eta : 5
pi2 : [[[0.03877599 0.         0.71514294 0.04633336]
  [0.05160673 0.         0.1082763  0.03986468]]

 [[0.00575024 0.         0.97337209 0.00417886]
  [0.0030962  0.         0.01085552 0.0027471 ]]]
state : 8
eta : 1
pi2 : [[[0.972471   0.00138937 0.0049209  0.        ]
  [0.01572577 0.00193259 0.00356037 0.        ]]

 [[0.97006132 0.00469937 0.0064557  0.        ]
  [0.00551027 0.00502618 0.00824715 0.        ]]]
state : 8
eta : 5
pi2 : [[[0.972471   0.00138937 0.0049209  0.        ]
  [0.01572577 0.00193259 0.00356037 0.        ]]

 [[0.97006132 0.00469937 0.0064557  0.        ]
  [0.00551027 0.00502618 0.00824715 0.        ]]]
state : 9
eta : 1
pi2 : [[[0.13802895 0.11847458 0.10752386 0.12631589]
  [0.12856251 0.12836867 0.08492573 0.16779981]]

 [[0.29294363 0.07448382 0.09069243 0.20097797]
  [0.05072372 0.03932906 0.08311869 0.16773069]]]
state : 9
eta : 5
pi2 : [[[0.13802895 0.11847458 0.10752386 0.12631589]
  [0.12856251 0.12836867 0.08492573 0.16779981]]

 [[0.29294363 0.07448382 0.09069243 0.20097797]
  [0.05072372 0.03932906 0.08311869 0.16773069]]]
state : 10
eta : 1
pi2 : [[[0.1433447  0.1207863  0.09270466 0.1016014 ]
  [0.14990547 0.2611072  0.06067157 0.06987868]]

 [[0.09489271 0.21469451 0.14244303 0.08022687]
  [0.17995023 0.13477946 0.08249945 0.07051374]]]
state : 10
eta : 5
pi2 : [[[0.1433447  0.1207863  0.09270466 0.1016014 ]
  [0.14990547 0.2611072  0.06067157 0.06987868]]

 [[0.09489271 0.21469451 0.14244303 0.08022687]
  [0.17995023 0.13477946 0.08249945 0.07051374]]]
state : 11
eta : 1
pi2 : [[[0.00533578 0.         0.95028805 0.00112613]
  [0.0044751  0.         0.03717122 0.00160373]]

 [[0.06198565 0.         0.49066249 0.02061029]
  [0.06287986 0.         0.33259689 0.03126481]]]
state : 11
eta : 5
pi2 : [[[0.00533578 0.         0.95028805 0.00112613]
  [0.0044751  0.         0.03717122 0.00160373]]

 [[0.06198565 0.         0.49066249 0.02061029]
  [0.06287986 0.         0.33259689 0.03126481]]]
state : 12
eta : 1
pi2 : [[[0.45651632 0.01432191 0.         0.        ]
  [0.51699912 0.01216265 0.         0.        ]]

 [[0.37927912 0.48264596 0.         0.        ]
  [0.07670071 0.06137421 0.         0.        ]]]
state : 12
eta : 5
pi2 : [[[0.45651632 0.01432191 0.         0.        ]
  [0.51699912 0.01216265 0.         0.        ]]

 [[0.37927912 0.48264596 0.         0.        ]
  [0.07670071 0.06137421 0.         0.        ]]]
state : 13
eta : 1
pi2 : [[[0.16666667 0.16666667 0.         0.16666667]
  [0.16666667 0.16666667 0.         0.16666667]]

 [[0.16666667 0.16666667 0.         0.16666667]
  [0.16666667 0.16666667 0.         0.16666667]]]
state : 13
eta : 5
pi2 : [[[0.16666667 0.16666667 0.         0.16666667]
  [0.16666667 0.16666667 0.         0.16666667]]

 [[0.16666667 0.16666667 0.         0.16666667]
  [0.16666667 0.16666667 0.         0.16666667]]]
state : 14
eta : 1
pi2 : [[[0.16666667 0.16666667 0.         0.16666667]
  [0.16666667 0.16666667 0.         0.16666667]]

 [[0.16666667 0.16666667 0.         0.16666667]
  [0.16666667 0.16666667 0.         0.16666667]]]
state : 14
eta : 5
pi2 : [[[0.16666667 0.16666667 0.         0.16666667]
  [0.16666667 0.16666667 0.         0.16666667]]

 [[0.16666667 0.16666667 0.         0.16666667]
  [0.16666667 0.16666667 0.         0.16666667]]]
state : 15
eta : 1
pi2 : [[[0.25 0.   0.   0.25]
  [0.25 0.   0.   0.25]]

 [[0.25 0.   0.   0.25]
  [0.25 0.   0.   0.25]]]
state : 15
eta : 5
pi2 : [[[0.25 0.   0.   0.25]
  [0.25 0.   0.   0.25]]

 [[0.25 0.   0.   0.25]
  [0.25 0.   0.   0.25]]]
