state : 0
eta : 1
pi2 : [[[0.04398971 0.46673442 0.17824957 0.01801292]
  [0.05150993 0.10465016 0.09233043 0.04452286]]

 [[0.07763899 0.19907329 0.04786099 0.07285869]
  [0.03093617 0.47163744 0.04918928 0.05080515]]]
state : 0
eta : 5
pi2 : [[[0.04398971 0.46673442 0.17824957 0.01801292]
  [0.05150993 0.10465016 0.09233043 0.04452286]]

 [[0.07763899 0.19907329 0.04786099 0.07285869]
  [0.03093617 0.47163744 0.04918928 0.05080515]]]
state : 1
eta : 1
pi2 : [[[0.01148416 0.01571702 0.02359384 0.01187481]
  [0.01398824 0.8693544  0.02837238 0.02561515]]

 [[0.05494123 0.36131389 0.0575198  0.03553602]
  [0.08084797 0.3264433  0.03458504 0.04881273]]]
state : 1
eta : 5
pi2 : [[[0.01148416 0.01571702 0.02359384 0.01187481]
  [0.01398824 0.8693544  0.02837238 0.02561515]]

 [[0.05494123 0.36131389 0.0575198  0.03553602]
  [0.08084797 0.3264433  0.03458504 0.04881273]]]
state : 2
eta : 1
pi2 : [[[0.02871496 0.25906235 0.05130854 0.06112403]
  [0.01509122 0.49056294 0.04715172 0.04698425]]

 [[0.04288721 0.1245357  0.04603132 0.01388314]
  [0.01923167 0.70040313 0.02947066 0.02355717]]]
state : 2
eta : 5
pi2 : [[[0.02871496 0.25906235 0.05130854 0.06112403]
  [0.01509122 0.49056294 0.04715172 0.04698425]]

 [[0.04288721 0.1245357  0.04603132 0.01388314]
  [0.01923167 0.70040313 0.02947066 0.02355717]]]
state : 3
eta : 1
pi2 : [[[0.02221533 0.01901116 0.73517377 0.04288675]
  [0.02897564 0.03031399 0.0622844  0.05913897]]

 [[0.02274536 0.02450806 0.67761797 0.02811809]
  [0.01846845 0.02536003 0.18861507 0.01456697]]]
state : 3
eta : 5
pi2 : [[[0.02221533 0.01901116 0.73517377 0.04288675]
  [0.02897564 0.03031399 0.0622844  0.05913897]]

 [[0.02274536 0.02450806 0.67761797 0.02811809]
  [0.01846845 0.02536003 0.18861507 0.01456697]]]
state : 4
eta : 1
pi2 : [[[0.00230854 0.98399019 0.00202157 0.00106891]
  [0.00551938 0.00205827 0.00193903 0.00109411]]

 [[0.0347776  0.03227725 0.04272683 0.02330566]
  [0.08439052 0.70690751 0.05884519 0.01676945]]]
state : 4
eta : 5
pi2 : [[[0.00230854 0.98399019 0.00202157 0.00106891]
  [0.00551938 0.00205827 0.00193903 0.00109411]]

 [[0.0347776  0.03227725 0.04272683 0.02330566]
  [0.08439052 0.70690751 0.05884519 0.01676945]]]
state : 5
eta : 1
pi2 : [[[4.21392941e-03 9.73848232e-01 7.64770154e-04 4.04548471e-03]
  [3.02498927e-03 9.12472565e-03 1.73714247e-03 3.24072644e-03]]

 [[9.91483310e-02 6.74643689e-01 1.73007933e-02 6.39577544e-02]
  [4.44472882e-02 4.80436256e-02 2.26884279e-02 2.97700903e-02]]]
state : 5
eta : 5
pi2 : [[[4.21392941e-03 9.73848232e-01 7.64770154e-04 4.04548471e-03]
  [3.02498927e-03 9.12472565e-03 1.73714247e-03 3.24072644e-03]]

 [[9.91483310e-02 6.74643689e-01 1.73007933e-02 6.39577544e-02]
  [4.44472882e-02 4.80436256e-02 2.26884279e-02 2.97700903e-02]]]
state : 6
eta : 1
pi2 : [[[0.00711242 0.97451305 0.00132999 0.00287686]
  [0.00308388 0.00566416 0.00219074 0.00322891]]

 [[0.03454071 0.71671533 0.01220778 0.02523699]
  [0.02709158 0.11470654 0.03797903 0.03152205]]]
state : 6
eta : 5
pi2 : [[[0.00711242 0.97451305 0.00132999 0.00287686]
  [0.00308388 0.00566416 0.00219074 0.00322891]]

 [[0.03454071 0.71671533 0.01220778 0.02523699]
  [0.02709158 0.11470654 0.03797903 0.03152205]]]
state : 7
eta : 1
pi2 : [[[0.00177119 0.00130567 0.97526627 0.00230382]
  [0.00236917 0.001152   0.01421406 0.00161782]]

 [[0.02670546 0.02512123 0.11906649 0.02921315]
  [0.01933918 0.02057622 0.74175373 0.01822454]]]
state : 7
eta : 5
pi2 : [[[0.00177119 0.00130567 0.97526627 0.00230382]
  [0.00236917 0.001152   0.01421406 0.00161782]]

 [[0.02670546 0.02512123 0.11906649 0.02921315]
  [0.01933918 0.02057622 0.74175373 0.01822454]]]
state : 8
eta : 1
pi2 : [[[9.83672282e-01 6.10825003e-04 2.05278025e-03 2.00869249e-03]
  [1.62341652e-03 1.96644099e-03 7.32798025e-03 7.37582025e-04]]

 [[5.88319659e-01 2.27338914e-02 7.03296439e-02 6.39587918e-02]
  [4.43794080e-02 9.86158547e-02 3.45763039e-02 7.70864468e-02]]]
state : 8
eta : 5
pi2 : [[[9.83672282e-01 6.10825003e-04 2.05278025e-03 2.00869249e-03]
  [1.62341652e-03 1.96644099e-03 7.32798025e-03 7.37582025e-04]]

 [[5.88319659e-01 2.27338914e-02 7.03296439e-02 6.39587918e-02]
  [4.43794080e-02 9.86158547e-02 3.45763039e-02 7.70864468e-02]]]
state : 9
eta : 1
pi2 : [[[0.10352788 0.0784866  0.09189738 0.06964679]
  [0.18857695 0.20321478 0.12892886 0.13572076]]

 [[0.10198819 0.09790833 0.08983994 0.06922165]
  [0.26678015 0.13473328 0.07875857 0.16076988]]]
state : 9
eta : 5
pi2 : [[[0.10352788 0.0784866  0.09189738 0.06964679]
  [0.18857695 0.20321478 0.12892886 0.13572076]]

 [[0.10198819 0.09790833 0.08983994 0.06922165]
  [0.26678015 0.13473328 0.07875857 0.16076988]]]
state : 10
eta : 1
pi2 : [[[0.13012969 0.1021981  0.04291218 0.07535303]
  [0.09139    0.4185407  0.07573144 0.06374486]]

 [[0.09169092 0.20881537 0.11265604 0.04857242]
  [0.2228609  0.09592715 0.13031729 0.08915991]]]
state : 10
eta : 5
pi2 : [[[0.13012969 0.1021981  0.04291218 0.07535303]
  [0.09139    0.4185407  0.07573144 0.06374486]]

 [[0.09169092 0.20881537 0.11265604 0.04857242]
  [0.2228609  0.09592715 0.13031729 0.08915991]]]
state : 11
eta : 1
pi2 : [[[1.73543321e-03 1.14914885e-03 9.77886677e-01 5.30656343e-04]
  [2.00489300e-03 1.20128651e-03 1.47441715e-02 7.47733639e-04]]

 [[7.17472054e-03 5.97306776e-03 9.34067063e-01 1.35205550e-03]
  [5.63158029e-03 4.46175093e-03 3.95566876e-02 1.78307461e-03]]]
state : 11
eta : 5
pi2 : [[[1.73543321e-03 1.14914885e-03 9.77886677e-01 5.30656343e-04]
  [2.00489300e-03 1.20128651e-03 1.47441715e-02 7.47733639e-04]]

 [[7.17472054e-03 5.97306776e-03 9.34067063e-01 1.35205550e-03]
  [5.63158029e-03 4.46175093e-03 3.95566876e-02 1.78307461e-03]]]
state : 12
eta : 1
pi2 : [[[0.9366775  0.00460715 0.00454864 0.00570875]
  [0.02845667 0.00520821 0.00754749 0.00724559]]

 [[0.97754494 0.00493069 0.0023829  0.00254727]
  [0.00182407 0.00322341 0.0057587  0.00178802]]]
state : 12
eta : 5
pi2 : [[[0.9366775  0.00460715 0.00454864 0.00570875]
  [0.02845667 0.00520821 0.00754749 0.00724559]]

 [[0.97754494 0.00493069 0.0023829  0.00254727]
  [0.00182407 0.00322341 0.0057587  0.00178802]]]
state : 13
eta : 1
pi2 : [[[0.140527 0.140527 0.078419 0.140527]
  [0.140527 0.140527 0.078419 0.140527]]

 [[0.140527 0.140527 0.078419 0.140527]
  [0.140527 0.140527 0.078419 0.140527]]]
state : 13
eta : 5
pi2 : [[[0.140527 0.140527 0.078419 0.140527]
  [0.140527 0.140527 0.078419 0.140527]]

 [[0.140527 0.140527 0.078419 0.140527]
  [0.140527 0.140527 0.078419 0.140527]]]
state : 14
eta : 1
pi2 : [[[0.140527 0.140527 0.078419 0.140527]
  [0.140527 0.140527 0.078419 0.140527]]

 [[0.140527 0.140527 0.078419 0.140527]
  [0.140527 0.140527 0.078419 0.140527]]]
state : 14
eta : 5
pi2 : [[[0.140527 0.140527 0.078419 0.140527]
  [0.140527 0.140527 0.078419 0.140527]]

 [[0.140527 0.140527 0.078419 0.140527]
  [0.140527 0.140527 0.078419 0.140527]]]
state : 15
eta : 1
pi2 : [[[0.16045851 0.08954149 0.08954149 0.16045851]
  [0.16045851 0.08954149 0.08954149 0.16045851]]

 [[0.16045851 0.08954149 0.08954149 0.16045851]
  [0.16045851 0.08954149 0.08954149 0.16045851]]]
state : 15
eta : 5
pi2 : [[[0.16045851 0.08954149 0.08954149 0.16045851]
  [0.16045851 0.08954149 0.08954149 0.16045851]]

 [[0.16045851 0.08954149 0.08954149 0.16045851]
  [0.16045851 0.08954149 0.08954149 0.16045851]]]
