state : 0
eta : 1
pi2 : [[[0.         0.37513795 0.2937093  0.        ]
  [0.         0.22081059 0.11034216 0.        ]]

 [[0.         0.27996977 0.13319492 0.        ]
  [0.         0.27266564 0.31416966 0.        ]]]
state : 0
eta : 5
pi2 : [[[0.         0.37513795 0.2937093  0.        ]
  [0.         0.22081059 0.11034216 0.        ]]

 [[0.         0.27996977 0.13319492 0.        ]
  [0.         0.27266564 0.31416966 0.        ]]]
state : 1
eta : 1
pi2 : [[[0.         0.30721352 0.07656029 0.07569393]
  [0.         0.32464782 0.08336956 0.13251488]]

 [[0.         0.71568075 0.05611934 0.05528974]
  [0.         0.09617215 0.04530748 0.03143054]]]
state : 1
eta : 5
pi2 : [[[0.         0.30721352 0.07656029 0.07569393]
  [0.         0.32464782 0.08336956 0.13251488]]

 [[0.         0.71568075 0.05611934 0.05528974]
  [0.         0.09617215 0.04530748 0.03143054]]]
state : 2
eta : 1
pi2 : [[[0.         0.02612401 0.06495136 0.01894796]
  [0.         0.83740131 0.03171636 0.020859  ]]

 [[0.         0.07348888 0.04361364 0.03680918]
  [0.         0.73354246 0.0417017  0.07084414]]]
state : 2
eta : 5
pi2 : [[[0.         0.02612401 0.06495136 0.01894796]
  [0.         0.83740131 0.03171636 0.020859  ]]

 [[0.         0.07348888 0.04361364 0.03680918]
  [0.         0.73354246 0.0417017  0.07084414]]]
state : 3
eta : 1
pi2 : [[[0.         0.         0.30141433 0.20342174]
  [0.         0.         0.35056167 0.14460226]]

 [[0.         0.         0.93632191 0.01898053]
  [0.         0.         0.03073039 0.01396717]]]
state : 3
eta : 5
pi2 : [[[0.         0.         0.30141433 0.20342174]
  [0.         0.         0.35056167 0.14460226]]

 [[0.         0.         0.93632191 0.01898053]
  [0.         0.         0.03073039 0.01396717]]]
state : 4
eta : 1
pi2 : [[[0.06737315 0.741325   0.06543372 0.        ]
  [0.04525864 0.03817977 0.04242972 0.        ]]

 [[0.00269723 0.98950049 0.00138667 0.        ]
  [0.00334781 0.00109414 0.00197365 0.        ]]]
state : 4
eta : 5
pi2 : [[[0.06737315 0.741325   0.06543372 0.        ]
  [0.04525864 0.03817977 0.04242972 0.        ]]

 [[0.00269723 0.98950049 0.00138667 0.        ]
  [0.00334781 0.00109414 0.00197365 0.        ]]]
state : 5
eta : 1
pi2 : [[[4.23388404e-03 9.70253354e-01 5.05366711e-04 2.05465366e-03]
  [3.90651153e-03 1.62061233e-02 9.60484960e-04 1.87962184e-03]]

 [[3.25530568e-02 5.97044023e-02 1.86013842e-02 7.59592297e-02]
  [2.86696951e-02 2.13224395e-01 1.18985073e-01 4.52302764e-01]]]
state : 5
eta : 5
pi2 : [[[4.23388404e-03 9.70253354e-01 5.05366711e-04 2.05465366e-03]
  [3.90651153e-03 1.62061233e-02 9.60484960e-04 1.87962184e-03]]

 [[3.25530568e-02 5.97044023e-02 1.86013842e-02 7.59592297e-02]
  [2.86696951e-02 2.13224395e-01 1.18985073e-01 4.52302764e-01]]]
state : 6
eta : 1
pi2 : [[[7.16821933e-03 9.73538230e-01 5.17853361e-04 3.95289604e-03]
  [3.56031112e-03 8.75023658e-03 1.09851468e-03 1.41373887e-03]]

 [[2.98636523e-02 8.03356219e-01 4.67975484e-03 1.21696013e-02]
  [1.94828970e-02 1.09836451e-01 1.01698813e-02 1.04415439e-02]]]
state : 6
eta : 5
pi2 : [[[7.16821933e-03 9.73538230e-01 5.17853361e-04 3.95289604e-03]
  [3.56031112e-03 8.75023658e-03 1.09851468e-03 1.41373887e-03]]

 [[2.98636523e-02 8.03356219e-01 4.67975484e-03 1.21696013e-02]
  [1.94828970e-02 1.09836451e-01 1.01698813e-02 1.04415439e-02]]]
state : 7
eta : 1
pi2 : [[[0.00231865 0.         0.97913696 0.00369151]
  [0.00531889 0.         0.00568969 0.0038443 ]]

 [[0.04221305 0.         0.05051277 0.02239662]
  [0.03231774 0.         0.82695892 0.0256009 ]]]
state : 7
eta : 5
pi2 : [[[0.00231865 0.         0.97913696 0.00369151]
  [0.00531889 0.         0.00568969 0.0038443 ]]

 [[0.04221305 0.         0.05051277 0.02239662]
  [0.03231774 0.         0.82695892 0.0256009 ]]]
state : 8
eta : 1
pi2 : [[[7.15733630e-03 6.76740449e-04 6.26229748e-04 0.00000000e+00]
  [9.81994739e-01 1.38735536e-03 8.15759895e-03 0.00000000e+00]]

 [[7.10516886e-01 1.91112469e-02 1.27570685e-02 0.00000000e+00]
  [1.48884874e-01 5.32286179e-02 5.55013063e-02 0.00000000e+00]]]
state : 8
eta : 5
pi2 : [[[7.15733630e-03 6.76740449e-04 6.26229748e-04 0.00000000e+00]
  [9.81994739e-01 1.38735536e-03 8.15759895e-03 0.00000000e+00]]

 [[7.10516886e-01 1.91112469e-02 1.27570685e-02 0.00000000e+00]
  [1.48884874e-01 5.32286179e-02 5.55013063e-02 0.00000000e+00]]]
state : 9
eta : 1
pi2 : [[[0.03747138 0.05210526 0.02975059 0.06845887]
  [0.42064521 0.23126318 0.08453248 0.07577303]]

 [[0.19436779 0.0342622  0.32026744 0.08004322]
  [0.12318231 0.09919545 0.01894583 0.12973576]]]
state : 9
eta : 5
pi2 : [[[0.03747138 0.05210526 0.02975059 0.06845887]
  [0.42064521 0.23126318 0.08453248 0.07577303]]

 [[0.19436779 0.0342622  0.32026744 0.08004322]
  [0.12318231 0.09919545 0.01894583 0.12973576]]]
state : 10
eta : 1
pi2 : [[[0.12650761 0.21132478 0.06972208 0.1260988 ]
  [0.11402587 0.18852534 0.06235018 0.10144534]]

 [[0.10456577 0.19356777 0.12226564 0.07925115]
  [0.11808593 0.23846391 0.05617404 0.0876258 ]]]
state : 10
eta : 5
pi2 : [[[0.12650761 0.21132478 0.06972208 0.1260988 ]
  [0.11402587 0.18852534 0.06235018 0.10144534]]

 [[0.10456577 0.19356777 0.12226564 0.07925115]
  [0.11808593 0.23846391 0.05617404 0.0876258 ]]]
state : 11
eta : 1
pi2 : [[[6.70048940e-03 0.00000000e+00 9.72542460e-01 6.82362277e-04]
  [2.92387595e-03 0.00000000e+00 1.58526560e-02 1.29815648e-03]]

 [[2.61573703e-02 0.00000000e+00 8.38614110e-01 4.81599082e-03]
  [1.40732178e-02 0.00000000e+00 1.07308233e-01 9.03107784e-03]]]
state : 11
eta : 5
pi2 : [[[6.70048940e-03 0.00000000e+00 9.72542460e-01 6.82362277e-04]
  [2.92387595e-03 0.00000000e+00 1.58526560e-02 1.29815648e-03]]

 [[2.61573703e-02 0.00000000e+00 8.38614110e-01 4.81599082e-03]
  [1.40732178e-02 0.00000000e+00 1.07308233e-01 9.03107784e-03]]]
state : 12
eta : 1
pi2 : [[[9.77000042e-01 3.84174378e-03 0.00000000e+00 0.00000000e+00]
  [1.57754128e-02 3.38280192e-03 0.00000000e+00 0.00000000e+00]]

 [[9.96563391e-01 1.09179718e-03 0.00000000e+00 0.00000000e+00]
  [4.49004961e-04 1.89580717e-03 0.00000000e+00 0.00000000e+00]]]
state : 12
eta : 5
pi2 : [[[9.77000042e-01 3.84174378e-03 0.00000000e+00 0.00000000e+00]
  [1.57754128e-02 3.38280192e-03 0.00000000e+00 0.00000000e+00]]

 [[9.96563391e-01 1.09179718e-03 0.00000000e+00 0.00000000e+00]
  [4.49004961e-04 1.89580717e-03 0.00000000e+00 0.00000000e+00]]]
state : 13
eta : 1
pi2 : [[[0.16666667 0.16666667 0.         0.16666667]
  [0.16666667 0.16666667 0.         0.16666667]]

 [[0.16666667 0.16666667 0.         0.16666667]
  [0.16666667 0.16666667 0.         0.16666667]]]
state : 13
eta : 5
pi2 : [[[0.16666667 0.16666667 0.         0.16666667]
  [0.16666667 0.16666667 0.         0.16666667]]

 [[0.16666667 0.16666667 0.         0.16666667]
  [0.16666667 0.16666667 0.         0.16666667]]]
state : 14
eta : 1
pi2 : [[[0.16666667 0.16666667 0.         0.16666667]
  [0.16666667 0.16666667 0.         0.16666667]]

 [[0.16666667 0.16666667 0.         0.16666667]
  [0.16666667 0.16666667 0.         0.16666667]]]
state : 14
eta : 5
pi2 : [[[0.16666667 0.16666667 0.         0.16666667]
  [0.16666667 0.16666667 0.         0.16666667]]

 [[0.16666667 0.16666667 0.         0.16666667]
  [0.16666667 0.16666667 0.         0.16666667]]]
state : 15
eta : 1
pi2 : [[[0.25 0.   0.   0.25]
  [0.25 0.   0.   0.25]]

 [[0.25 0.   0.   0.25]
  [0.25 0.   0.   0.25]]]
state : 15
eta : 5
pi2 : [[[0.25 0.   0.   0.25]
  [0.25 0.   0.   0.25]]

 [[0.25 0.   0.   0.25]
  [0.25 0.   0.   0.25]]]
