state : 0
eta : 1
pi2 : [[[0.06328928 0.10075255 0.08764467 0.07826022]
  [0.07691837 0.34471145 0.18958955 0.05883391]]

 [[0.0661099  0.26784877 0.09616416 0.05787916]
  [0.07733846 0.18663049 0.11825945 0.12976961]]]
state : 0
eta : 5
pi2 : [[[0.06328928 0.10075255 0.08764467 0.07826022]
  [0.07691837 0.34471145 0.18958955 0.05883391]]

 [[0.0661099  0.26784877 0.09616416 0.05787916]
  [0.07733846 0.18663049 0.11825945 0.12976961]]]
state : 1
eta : 1
pi2 : [[[0.02167711 0.78058166 0.03264349 0.0384514 ]
  [0.02547959 0.04653434 0.0260161  0.02861632]]

 [[0.05044875 0.10321957 0.06886369 0.07697918]
  [0.0344225  0.48652    0.10793748 0.07160882]]]
state : 1
eta : 5
pi2 : [[[0.02167711 0.78058166 0.03264349 0.0384514 ]
  [0.02547959 0.04653434 0.0260161  0.02861632]]

 [[0.05044875 0.10321957 0.06886369 0.07697918]
  [0.0344225  0.48652    0.10793748 0.07160882]]]
state : 2
eta : 1
pi2 : [[[0.07034929 0.18324923 0.12621711 0.0616208 ]
  [0.05476782 0.32589097 0.13450797 0.04339681]]

 [[0.05378681 0.21531847 0.14204079 0.04965241]
  [0.04995217 0.31634472 0.113526   0.05937862]]]
state : 2
eta : 5
pi2 : [[[0.07034929 0.18324923 0.12621711 0.0616208 ]
  [0.05476782 0.32589097 0.13450797 0.04339681]]

 [[0.05378681 0.21531847 0.14204079 0.04965241]
  [0.04995217 0.31634472 0.113526   0.05937862]]]
state : 3
eta : 1
pi2 : [[[0.05222644 0.06808187 0.45652065 0.07249143]
  [0.06845853 0.0608181  0.15689063 0.06451235]]

 [[0.03010358 0.02757363 0.25526018 0.03263833]
  [0.03411356 0.03312377 0.55577422 0.03141274]]]
state : 3
eta : 5
pi2 : [[[0.05222644 0.06808187 0.45652065 0.07249143]
  [0.06845853 0.0608181  0.15689063 0.06451235]]

 [[0.03010358 0.02757363 0.25526018 0.03263833]
  [0.03411356 0.03312377 0.55577422 0.03141274]]]
state : 4
eta : 1
pi2 : [[[0.04493928 0.05666368 0.03886063 0.02160779]
  [0.03146386 0.70545459 0.03424081 0.06676935]]

 [[0.00480219 0.00592885 0.00270402 0.00331931]
  [0.00455456 0.9722155  0.00384338 0.0026322 ]]]
state : 4
eta : 5
pi2 : [[[0.04493928 0.05666368 0.03886063 0.02160779]
  [0.03146386 0.70545459 0.03424081 0.06676935]]

 [[0.00480219 0.00592885 0.00270402 0.00331931]
  [0.00455456 0.9722155  0.00384338 0.0026322 ]]]
state : 5
eta : 1
pi2 : [[[0.18416135 0.27202961 0.05867048 0.07744208]
  [0.15894514 0.11482693 0.05161717 0.08230724]]

 [[0.00470629 0.97836731 0.00148034 0.0030887 ]
  [0.00365239 0.00395226 0.00168372 0.003069  ]]]
state : 5
eta : 5
pi2 : [[[0.18416135 0.27202961 0.05867048 0.07744208]
  [0.15894514 0.11482693 0.05161717 0.08230724]]

 [[0.00470629 0.97836731 0.00148034 0.0030887 ]
  [0.00365239 0.00395226 0.00168372 0.003069  ]]]
state : 6
eta : 1
pi2 : [[[0.00517737 0.93468971 0.00228806 0.00231475]
  [0.00644656 0.04294215 0.00203152 0.00410988]]

 [[0.07620877 0.43848064 0.06048718 0.0541509 ]
  [0.07381227 0.21568461 0.02543364 0.055742  ]]]
state : 6
eta : 5
pi2 : [[[0.00517737 0.93468971 0.00228806 0.00231475]
  [0.00644656 0.04294215 0.00203152 0.00410988]]

 [[0.07620877 0.43848064 0.06048718 0.0541509 ]
  [0.07381227 0.21568461 0.02543364 0.055742  ]]]
state : 7
eta : 1
pi2 : [[[0.00424298 0.00573909 0.03997747 0.00495108]
  [0.00516593 0.00619856 0.92987845 0.00384643]]

 [[0.0059465  0.00634168 0.9407242  0.00642669]
  [0.00827351 0.00575744 0.02117895 0.00535103]]]
state : 7
eta : 5
pi2 : [[[0.00424298 0.00573909 0.03997747 0.00495108]
  [0.00516593 0.00619856 0.92987845 0.00384643]]

 [[0.0059465  0.00634168 0.9407242  0.00642669]
  [0.00827351 0.00575744 0.02117895 0.00535103]]]
state : 8
eta : 1
pi2 : [[[0.01865986 0.00636118 0.00732314 0.00841268]
  [0.94407183 0.00546658 0.00485026 0.00485446]]

 [[0.06001744 0.00619583 0.00586197 0.00663466]
  [0.89540802 0.00554048 0.00978551 0.01055609]]]
state : 8
eta : 5
pi2 : [[[0.01865986 0.00636118 0.00732314 0.00841268]
  [0.94407183 0.00546658 0.00485026 0.00485446]]

 [[0.06001744 0.00619583 0.00586197 0.00663466]
  [0.89540802 0.00554048 0.00978551 0.01055609]]]
state : 9
eta : 1
pi2 : [[[0.17207521 0.15313478 0.16384587 0.06164677]
  [0.14226961 0.16241526 0.06148771 0.08312479]]

 [[0.19459151 0.0570185  0.09789238 0.07595959]
  [0.22943126 0.1148687  0.13203844 0.09819963]]]
state : 9
eta : 5
pi2 : [[[0.17207521 0.15313478 0.16384587 0.06164677]
  [0.14226961 0.16241526 0.06148771 0.08312479]]

 [[0.19459151 0.0570185  0.09789238 0.07595959]
  [0.22943126 0.1148687  0.13203844 0.09819963]]]
state : 10
eta : 1
pi2 : [[[0.1277347  0.28020532 0.05082297 0.06540263]
  [0.0979772  0.23037388 0.09605313 0.05143017]]

 [[0.15281105 0.10186673 0.07253387 0.10065645]
  [0.12644982 0.28786647 0.07911653 0.07869908]]]
state : 10
eta : 5
pi2 : [[[0.1277347  0.28020532 0.05082297 0.06540263]
  [0.0979772  0.23037388 0.09605313 0.05143017]]

 [[0.15281105 0.10186673 0.07253387 0.10065645]
  [0.12644982 0.28786647 0.07911653 0.07869908]]]
state : 11
eta : 1
pi2 : [[[0.00867732 0.00668964 0.48271081 0.00243668]
  [0.00706211 0.00705376 0.48271081 0.00265888]]

 [[0.00848043 0.00744116 0.482089   0.00265786]
  [0.0077284  0.00667578 0.482089   0.00283838]]]
state : 11
eta : 5
pi2 : [[[0.00867732 0.00668964 0.48271081 0.00243668]
  [0.00706211 0.00705376 0.48271081 0.00265888]]

 [[0.00848043 0.00744116 0.482089   0.00265786]
  [0.0077284  0.00667578 0.482089   0.00283838]]]
state : 12
eta : 1
pi2 : [[[0.15858769 0.00731655 0.01638876 0.0098072 ]
  [0.77638674 0.0075248  0.00728527 0.01670299]]

 [[0.83428399 0.03676258 0.00817411 0.01150767]
  [0.0555985  0.02126057 0.01009764 0.02231494]]]
state : 12
eta : 5
pi2 : [[[0.15858769 0.00731655 0.01638876 0.0098072 ]
  [0.77638674 0.0075248  0.00728527 0.01670299]]

 [[0.83428399 0.03676258 0.00817411 0.01150767]
  [0.0555985  0.02126057 0.01009764 0.02231494]]]
state : 13
eta : 1
pi2 : [[[0.140527 0.140527 0.078419 0.140527]
  [0.140527 0.140527 0.078419 0.140527]]

 [[0.140527 0.140527 0.078419 0.140527]
  [0.140527 0.140527 0.078419 0.140527]]]
state : 13
eta : 5
pi2 : [[[0.140527 0.140527 0.078419 0.140527]
  [0.140527 0.140527 0.078419 0.140527]]

 [[0.140527 0.140527 0.078419 0.140527]
  [0.140527 0.140527 0.078419 0.140527]]]
state : 14
eta : 1
pi2 : [[[0.140527 0.140527 0.078419 0.140527]
  [0.140527 0.140527 0.078419 0.140527]]

 [[0.140527 0.140527 0.078419 0.140527]
  [0.140527 0.140527 0.078419 0.140527]]]
state : 14
eta : 5
pi2 : [[[0.140527 0.140527 0.078419 0.140527]
  [0.140527 0.140527 0.078419 0.140527]]

 [[0.140527 0.140527 0.078419 0.140527]
  [0.140527 0.140527 0.078419 0.140527]]]
state : 15
eta : 1
pi2 : [[[0.16045851 0.08954149 0.08954149 0.16045851]
  [0.16045851 0.08954149 0.08954149 0.16045851]]

 [[0.16045851 0.08954149 0.08954149 0.16045851]
  [0.16045851 0.08954149 0.08954149 0.16045851]]]
state : 15
eta : 5
pi2 : [[[0.16045851 0.08954149 0.08954149 0.16045851]
  [0.16045851 0.08954149 0.08954149 0.16045851]]

 [[0.16045851 0.08954149 0.08954149 0.16045851]
  [0.16045851 0.08954149 0.08954149 0.16045851]]]
