state : 0
eta : 1
pi2 : [[[0.06328928 0.10075255 0.08764467 0.07826022]
  [0.07691837 0.34471145 0.18958955 0.05883391]]

 [[0.06610948 0.26785495 0.09616343 0.05787881]
  [0.07733793 0.18662846 0.11825846 0.12976848]]]
state : 0
eta : 5
pi2 : [[[0.06328928 0.10075255 0.08764467 0.07826022]
  [0.07691837 0.34471145 0.18958955 0.05883391]]

 [[0.06610948 0.26785495 0.09616343 0.05787881]
  [0.07733793 0.18662846 0.11825846 0.12976848]]]
state : 1
eta : 1
pi2 : [[[0.02167697 0.78058308 0.03264327 0.03845115]
  [0.02547943 0.04653402 0.02601594 0.02861613]]

 [[0.05044877 0.1032194  0.06886368 0.07697914]
  [0.03442339 0.48651954 0.10793728 0.0716088 ]]]
state : 1
eta : 5
pi2 : [[[0.02167697 0.78058308 0.03264327 0.03845115]
  [0.02547943 0.04653402 0.02601594 0.02861613]]

 [[0.05044877 0.1032194  0.06886368 0.07697914]
  [0.03442339 0.48651954 0.10793728 0.0716088 ]]]
state : 2
eta : 1
pi2 : [[[0.0703442  0.18341817 0.12619985 0.06161696]
  [0.05476484 0.32577144 0.13448828 0.04339626]]

 [[0.05378676 0.21532048 0.1420405  0.04965236]
  [0.04995212 0.31634339 0.11352581 0.05937856]]]
state : 2
eta : 5
pi2 : [[[0.0703442  0.18341817 0.12619985 0.06161696]
  [0.05476484 0.32577144 0.13448828 0.04339626]]

 [[0.05378676 0.21532048 0.1420405  0.04965236]
  [0.04995212 0.31634339 0.11352581 0.05937856]]]
state : 3
eta : 1
pi2 : [[[0.05221653 0.06806813 0.45664001 0.07247656]
  [0.06844469 0.06080616 0.15684842 0.06449951]]

 [[0.03010358 0.02757363 0.25526018 0.03263833]
  [0.03411356 0.03312377 0.55577422 0.03141274]]]
state : 3
eta : 5
pi2 : [[[0.05221653 0.06806813 0.45664001 0.07247656]
  [0.06844469 0.06080616 0.15684842 0.06449951]]

 [[0.03010358 0.02757363 0.25526018 0.03263833]
  [0.03411356 0.03312377 0.55577422 0.03141274]]]
state : 4
eta : 1
pi2 : [[[0.04493928 0.05666368 0.03886063 0.02160779]
  [0.03146386 0.70545459 0.03424081 0.06676935]]

 [[0.004802   0.0059286  0.00270393 0.0033192 ]
  [0.00455457 0.97221634 0.00384324 0.00263211]]]
state : 4
eta : 5
pi2 : [[[0.04493928 0.05666368 0.03886063 0.02160779]
  [0.03146386 0.70545459 0.03424081 0.06676935]]

 [[0.004802   0.0059286  0.00270393 0.0033192 ]
  [0.00455457 0.97221634 0.00384324 0.00263211]]]
state : 5
eta : 1
pi2 : [[[0.18416135 0.27202961 0.05867048 0.07744208]
  [0.15894514 0.11482693 0.05161717 0.08230724]]

 [[0.00470604 0.97836839 0.00148027 0.00308855]
  [0.0036522  0.00395206 0.00168365 0.00306885]]]
state : 5
eta : 5
pi2 : [[[0.18416135 0.27202961 0.05867048 0.07744208]
  [0.15894514 0.11482693 0.05161717 0.08230724]]

 [[0.00470604 0.97836839 0.00148027 0.00308855]
  [0.0036522  0.00395206 0.00168365 0.00306885]]]
state : 6
eta : 1
pi2 : [[[0.00519182 0.93460031 0.00229103 0.00231775]
  [0.00645486 0.0429949  0.00203415 0.00411519]]

 [[0.07620877 0.43848064 0.06048718 0.0541509 ]
  [0.07381227 0.21568461 0.02543364 0.055742  ]]]
state : 6
eta : 5
pi2 : [[[0.00519182 0.93460031 0.00229103 0.00231775]
  [0.00645486 0.0429949  0.00203415 0.00411519]]

 [[0.07620877 0.43848064 0.06048718 0.0541509 ]
  [0.07381227 0.21568461 0.02543364 0.055742  ]]]
state : 7
eta : 1
pi2 : [[[0.00424252 0.00573846 0.03996901 0.00495054]
  [0.00516537 0.00619788 0.92989021 0.00384601]]

 [[0.00594654 0.00634172 0.9407238  0.00642673]
  [0.00827356 0.00575748 0.02117911 0.00535106]]]
state : 7
eta : 5
pi2 : [[[0.00424252 0.00573846 0.03996901 0.00495054]
  [0.00516537 0.00619788 0.92989021 0.00384601]]

 [[0.00594654 0.00634172 0.9407238  0.00642673]
  [0.00827356 0.00575748 0.02117911 0.00535106]]]
state : 8
eta : 1
pi2 : [[[0.01865607 0.00636011 0.00732189 0.00841122]
  [0.94408189 0.00546568 0.00484947 0.00485367]]

 [[0.06001741 0.00619583 0.00586196 0.00663466]
  [0.89540806 0.00554048 0.0097855  0.01055609]]]
state : 8
eta : 5
pi2 : [[[0.01865607 0.00636011 0.00732189 0.00841122]
  [0.94408189 0.00546568 0.00484947 0.00485367]]

 [[0.06001741 0.00619583 0.00586196 0.00663466]
  [0.89540806 0.00554048 0.0097855  0.01055609]]]
state : 9
eta : 1
pi2 : [[[0.17207521 0.15313478 0.16384587 0.06164677]
  [0.14226961 0.16241526 0.06148771 0.08312479]]

 [[0.19459151 0.0570185  0.09789238 0.07595959]
  [0.22943126 0.1148687  0.13203844 0.09819963]]]
state : 9
eta : 5
pi2 : [[[0.17207521 0.15313478 0.16384587 0.06164677]
  [0.14226961 0.16241526 0.06148771 0.08312479]]

 [[0.19459151 0.0570185  0.09789238 0.07595959]
  [0.22943126 0.1148687  0.13203844 0.09819963]]]
state : 10
eta : 1
pi2 : [[[0.12773428 0.28020141 0.05082307 0.0654027 ]
  [0.09797708 0.23037147 0.09605972 0.05143027]]

 [[0.15281105 0.10186673 0.07253387 0.10065645]
  [0.12644982 0.28786647 0.07911653 0.07869908]]]
state : 10
eta : 5
pi2 : [[[0.12773428 0.28020141 0.05082307 0.0654027 ]
  [0.09797708 0.23037147 0.09605972 0.05143027]]

 [[0.15281105 0.10186673 0.07253387 0.10065645]
  [0.12644982 0.28786647 0.07911653 0.07869908]]]
state : 11
eta : 1
pi2 : [[[0.00867732 0.00668964 0.48271081 0.00243668]
  [0.00706211 0.00705376 0.48271081 0.00265888]]

 [[0.00848072 0.00744141 0.4820883  0.00265815]
  [0.00772866 0.006676   0.4820883  0.00283848]]]
state : 11
eta : 5
pi2 : [[[0.00867732 0.00668964 0.48271081 0.00243668]
  [0.00706211 0.00705376 0.48271081 0.00265888]]

 [[0.00848072 0.00744141 0.4820883  0.00265815]
  [0.00772866 0.006676   0.4820883  0.00283848]]]
state : 12
eta : 1
pi2 : [[[0.15861312 0.00731714 0.01639017 0.009808  ]
  [0.77635586 0.00752541 0.00728587 0.01670443]]

 [[0.83428536 0.03676228 0.00817405 0.01150759]
  [0.05559798 0.02126041 0.01009757 0.02231477]]]
state : 12
eta : 5
pi2 : [[[0.15861312 0.00731714 0.01639017 0.009808  ]
  [0.77635586 0.00752541 0.00728587 0.01670443]]

 [[0.83428536 0.03676228 0.00817405 0.01150759]
  [0.05559798 0.02126041 0.01009757 0.02231477]]]
state : 13
eta : 1
pi2 : [[[0.140527 0.140527 0.078419 0.140527]
  [0.140527 0.140527 0.078419 0.140527]]

 [[0.140527 0.140527 0.078419 0.140527]
  [0.140527 0.140527 0.078419 0.140527]]]
state : 13
eta : 5
pi2 : [[[0.140527 0.140527 0.078419 0.140527]
  [0.140527 0.140527 0.078419 0.140527]]

 [[0.140527 0.140527 0.078419 0.140527]
  [0.140527 0.140527 0.078419 0.140527]]]
state : 14
eta : 1
pi2 : [[[0.140527 0.140527 0.078419 0.140527]
  [0.140527 0.140527 0.078419 0.140527]]

 [[0.140527 0.140527 0.078419 0.140527]
  [0.140527 0.140527 0.078419 0.140527]]]
state : 14
eta : 5
pi2 : [[[0.140527 0.140527 0.078419 0.140527]
  [0.140527 0.140527 0.078419 0.140527]]

 [[0.140527 0.140527 0.078419 0.140527]
  [0.140527 0.140527 0.078419 0.140527]]]
state : 15
eta : 1
pi2 : [[[0.16045851 0.08954149 0.08954149 0.16045851]
  [0.16045851 0.08954149 0.08954149 0.16045851]]

 [[0.16045851 0.08954149 0.08954149 0.16045851]
  [0.16045851 0.08954149 0.08954149 0.16045851]]]
state : 15
eta : 5
pi2 : [[[0.16045851 0.08954149 0.08954149 0.16045851]
  [0.16045851 0.08954149 0.08954149 0.16045851]]

 [[0.16045851 0.08954149 0.08954149 0.16045851]
  [0.16045851 0.08954149 0.08954149 0.16045851]]]
