state : 0
eta : 1
pi2 : [[[0.06328928 0.10075255 0.08764467 0.07826022]
  [0.07691837 0.34471145 0.18958955 0.05883391]]

 [[0.06610965 0.26785244 0.09616373 0.05787895]
  [0.07733815 0.18662928 0.11825886 0.12976894]]]
state : 0
eta : 5
pi2 : [[[0.06328928 0.10075255 0.08764467 0.07826022]
  [0.07691837 0.34471145 0.18958955 0.05883391]]

 [[0.06610965 0.26785244 0.09616373 0.05787895]
  [0.07733815 0.18662928 0.11825886 0.12976894]]]
state : 1
eta : 1
pi2 : [[[0.02167703 0.7805825  0.03264336 0.03845125]
  [0.02547949 0.04653415 0.02601601 0.02861621]]

 [[0.05044876 0.10321947 0.06886368 0.07697915]
  [0.03442303 0.48651973 0.10793736 0.07160881]]]
state : 1
eta : 5
pi2 : [[[0.02167703 0.7805825  0.03264336 0.03845125]
  [0.02547949 0.04653415 0.02601601 0.02861621]]

 [[0.05044876 0.10321947 0.06886368 0.07697915]
  [0.03442303 0.48651973 0.10793736 0.07160881]]]
state : 2
eta : 1
pi2 : [[[0.07034479 0.1833971  0.12620199 0.0616174 ]
  [0.05476518 0.32578686 0.13449074 0.04339595]]

 [[0.05378678 0.21531967 0.14204062 0.04965238]
  [0.04995214 0.31634393 0.11352589 0.05937859]]]
state : 2
eta : 5
pi2 : [[[0.07034479 0.1833971  0.12620199 0.0616174 ]
  [0.05476518 0.32578686 0.13449074 0.04339595]]

 [[0.05378678 0.21531967 0.14204062 0.04965238]
  [0.04995214 0.31634393 0.11352589 0.05937859]]]
state : 3
eta : 1
pi2 : [[[0.0522178  0.06806989 0.45662472 0.07247846]
  [0.06844646 0.06080769 0.15685382 0.06450115]]

 [[0.03010358 0.02757363 0.25526018 0.03263833]
  [0.03411356 0.03312377 0.55577422 0.03141274]]]
state : 3
eta : 5
pi2 : [[[0.0522178  0.06806989 0.45662472 0.07247846]
  [0.06844646 0.06080769 0.15685382 0.06450115]]

 [[0.03010358 0.02757363 0.25526018 0.03263833]
  [0.03411356 0.03312377 0.55577422 0.03141274]]]
state : 4
eta : 1
pi2 : [[[0.04493928 0.05666368 0.03886063 0.02160779]
  [0.03146386 0.70545459 0.03424081 0.06676935]]

 [[0.00480195 0.00592854 0.0027039  0.00331916]
  [0.00455445 0.97221674 0.0038432  0.00263208]]]
state : 4
eta : 5
pi2 : [[[0.04493928 0.05666368 0.03886063 0.02160779]
  [0.03146386 0.70545459 0.03424081 0.06676935]]

 [[0.00480195 0.00592854 0.0027039  0.00331916]
  [0.00455445 0.97221674 0.0038432  0.00263208]]]
state : 5
eta : 1
pi2 : [[[0.18416135 0.27202961 0.05867048 0.07744208]
  [0.15894514 0.11482693 0.05161717 0.08230724]]

 [[0.00470606 0.97836832 0.00148027 0.00308856]
  [0.00365222 0.00395207 0.00168365 0.00306886]]]
state : 5
eta : 5
pi2 : [[[0.18416135 0.27202961 0.05867048 0.07744208]
  [0.15894514 0.11482693 0.05161717 0.08230724]]

 [[0.00470606 0.97836832 0.00148027 0.00308856]
  [0.00365222 0.00395207 0.00168365 0.00306886]]]
state : 6
eta : 1
pi2 : [[[0.00518999 0.93461192 0.00229065 0.00231736]
  [0.00645379 0.04298798 0.00203381 0.0041145 ]]

 [[0.07620877 0.43848064 0.06048718 0.0541509 ]
  [0.07381227 0.21568461 0.02543364 0.055742  ]]]
state : 6
eta : 5
pi2 : [[[0.00518999 0.93461192 0.00229065 0.00231736]
  [0.00645379 0.04298798 0.00203381 0.0041145 ]]

 [[0.07620877 0.43848064 0.06048718 0.0541509 ]
  [0.07381227 0.21568461 0.02543364 0.055742  ]]]
state : 7
eta : 1
pi2 : [[[0.00424279 0.00573882 0.03997439 0.00495086]
  [0.0051657  0.00619828 0.9298829  0.00384626]]

 [[0.00594676 0.00634195 0.94072143 0.00642697]
  [0.00827388 0.00575769 0.02118008 0.00535125]]]
state : 7
eta : 5
pi2 : [[[0.00424279 0.00573882 0.03997439 0.00495086]
  [0.0051657  0.00619828 0.9298829  0.00384626]]

 [[0.00594676 0.00634195 0.94072143 0.00642697]
  [0.00827388 0.00575769 0.02118008 0.00535125]]]
state : 8
eta : 1
pi2 : [[[0.01865663 0.00636027 0.00732207 0.00841144]
  [0.94408042 0.00546581 0.00484958 0.00485378]]

 [[0.06001505 0.00619567 0.00586182 0.00663449]
  [0.89541156 0.00554034 0.00978525 0.01055581]]]
state : 8
eta : 5
pi2 : [[[0.01865663 0.00636027 0.00732207 0.00841144]
  [0.94408042 0.00546581 0.00484958 0.00485378]]

 [[0.06001505 0.00619567 0.00586182 0.00663449]
  [0.89541156 0.00554034 0.00978525 0.01055581]]]
state : 9
eta : 1
pi2 : [[[0.17207521 0.15313478 0.16384587 0.06164677]
  [0.14226961 0.16241526 0.06148771 0.08312479]]

 [[0.19459151 0.0570185  0.09789238 0.07595959]
  [0.22943126 0.1148687  0.13203844 0.09819963]]]
state : 9
eta : 5
pi2 : [[[0.17207521 0.15313478 0.16384587 0.06164677]
  [0.14226961 0.16241526 0.06148771 0.08312479]]

 [[0.19459151 0.0570185  0.09789238 0.07595959]
  [0.22943126 0.1148687  0.13203844 0.09819963]]]
state : 10
eta : 1
pi2 : [[[0.12773445 0.28020299 0.05082303 0.06540267]
  [0.09797713 0.23037245 0.09605705 0.05143023]]

 [[0.15281105 0.10186673 0.07253387 0.10065645]
  [0.12644982 0.28786647 0.07911653 0.07869908]]]
state : 10
eta : 5
pi2 : [[[0.12773445 0.28020299 0.05082303 0.06540267]
  [0.09797713 0.23037245 0.09605705 0.05143023]]

 [[0.15281105 0.10186673 0.07253387 0.10065645]
  [0.12644982 0.28786647 0.07911653 0.07869908]]]
state : 11
eta : 1
pi2 : [[[0.00867732 0.00668964 0.48271081 0.00243668]
  [0.00706211 0.00705376 0.48271081 0.00265888]]

 [[0.0084806  0.00744131 0.48208858 0.00265803]
  [0.00772855 0.00667591 0.48208858 0.00283844]]]
state : 11
eta : 5
pi2 : [[[0.00867732 0.00668964 0.48271081 0.00243668]
  [0.00706211 0.00705376 0.48271081 0.00265888]]

 [[0.0084806  0.00744131 0.48208858 0.00265803]
  [0.00772855 0.00667591 0.48208858 0.00283844]]]
state : 12
eta : 1
pi2 : [[[0.15859208 0.00731665 0.016389   0.00980734]
  [0.77638141 0.00752491 0.00728538 0.01670324]]

 [[0.8342848  0.0367624  0.00817408 0.01150762]
  [0.05559819 0.02126047 0.0100976  0.02231484]]]
state : 12
eta : 5
pi2 : [[[0.15859208 0.00731665 0.016389   0.00980734]
  [0.77638141 0.00752491 0.00728538 0.01670324]]

 [[0.8342848  0.0367624  0.00817408 0.01150762]
  [0.05559819 0.02126047 0.0100976  0.02231484]]]
state : 13
eta : 1
pi2 : [[[0.140527 0.140527 0.078419 0.140527]
  [0.140527 0.140527 0.078419 0.140527]]

 [[0.140527 0.140527 0.078419 0.140527]
  [0.140527 0.140527 0.078419 0.140527]]]
state : 13
eta : 5
pi2 : [[[0.140527 0.140527 0.078419 0.140527]
  [0.140527 0.140527 0.078419 0.140527]]

 [[0.140527 0.140527 0.078419 0.140527]
  [0.140527 0.140527 0.078419 0.140527]]]
state : 14
eta : 1
pi2 : [[[0.140527 0.140527 0.078419 0.140527]
  [0.140527 0.140527 0.078419 0.140527]]

 [[0.140527 0.140527 0.078419 0.140527]
  [0.140527 0.140527 0.078419 0.140527]]]
state : 14
eta : 5
pi2 : [[[0.140527 0.140527 0.078419 0.140527]
  [0.140527 0.140527 0.078419 0.140527]]

 [[0.140527 0.140527 0.078419 0.140527]
  [0.140527 0.140527 0.078419 0.140527]]]
state : 15
eta : 1
pi2 : [[[0.16045851 0.08954149 0.08954149 0.16045851]
  [0.16045851 0.08954149 0.08954149 0.16045851]]

 [[0.16045851 0.08954149 0.08954149 0.16045851]
  [0.16045851 0.08954149 0.08954149 0.16045851]]]
state : 15
eta : 5
pi2 : [[[0.16045851 0.08954149 0.08954149 0.16045851]
  [0.16045851 0.08954149 0.08954149 0.16045851]]

 [[0.16045851 0.08954149 0.08954149 0.16045851]
  [0.16045851 0.08954149 0.08954149 0.16045851]]]
