state : 0
eta : 1
pi2 : [[[0.         0.70077569 0.10746317 0.        ]
  [0.         0.13672565 0.05503549 0.        ]]

 [[0.         0.61640702 0.14087231 0.        ]
  [0.         0.08996013 0.15276055 0.        ]]]
state : 0
eta : 5
pi2 : [[[0.         0.70077569 0.10746317 0.        ]
  [0.         0.13672565 0.05503549 0.        ]]

 [[0.         0.61640702 0.14087231 0.        ]
  [0.         0.08996013 0.15276055 0.        ]]]
state : 1
eta : 1
pi2 : [[[0.         0.30855957 0.19353798 0.09989463]
  [0.         0.17574866 0.16527582 0.05698333]]

 [[0.         0.13819434 0.09604818 0.25372492]
  [0.         0.20941805 0.19137778 0.11123673]]]
state : 1
eta : 5
pi2 : [[[0.         0.30855957 0.19353798 0.09989463]
  [0.         0.17574866 0.16527582 0.05698333]]

 [[0.         0.13819434 0.09604818 0.25372492]
  [0.         0.20941805 0.19137778 0.11123673]]]
state : 2
eta : 1
pi2 : [[[0.         0.14933014 0.18730713 0.08001028]
  [0.         0.10660196 0.37624133 0.10050916]]

 [[0.         0.08689147 0.4479997  0.07848415]
  [0.         0.21707368 0.08008555 0.08946545]]]
state : 2
eta : 5
pi2 : [[[0.         0.14933014 0.18730713 0.08001028]
  [0.         0.10660196 0.37624133 0.10050916]]

 [[0.         0.08689147 0.4479997  0.07848415]
  [0.         0.21707368 0.08008555 0.08946545]]]
state : 3
eta : 1
pi2 : [[[0.         0.         0.10713348 0.16103793]
  [0.         0.         0.44019605 0.29163254]]

 [[0.         0.         0.76025752 0.05312423]
  [0.         0.         0.14646903 0.04014922]]]
state : 3
eta : 5
pi2 : [[[0.         0.         0.10713348 0.16103793]
  [0.         0.         0.44019605 0.29163254]]

 [[0.         0.         0.76025752 0.05312423]
  [0.         0.         0.14646903 0.04014922]]]
state : 4
eta : 1
pi2 : [[[0.003379   0.97772039 0.00793014 0.        ]
  [0.00173013 0.00764371 0.00159663 0.        ]]

 [[0.1271876  0.42265324 0.11071277 0.        ]
  [0.09035375 0.07946394 0.16962869 0.        ]]]
state : 4
eta : 5
pi2 : [[[0.003379   0.97772039 0.00793014 0.        ]
  [0.00173013 0.00764371 0.00159663 0.        ]]

 [[0.1271876  0.42265324 0.11071277 0.        ]
  [0.09035375 0.07946394 0.16962869 0.        ]]]
state : 5
eta : 1
pi2 : [[[2.44069458e-03 5.93347071e-03 8.62143616e-04 2.39392984e-03]
  [2.14591090e-03 9.82877150e-01 1.50343210e-03 1.84326790e-03]]

 [[5.14911406e-02 4.37061280e-01 1.61731123e-02 2.79210034e-02]
  [4.11660316e-02 3.54507828e-01 2.64369026e-02 4.52427016e-02]]]
state : 5
eta : 5
pi2 : [[[2.44069458e-03 5.93347071e-03 8.62143616e-04 2.39392984e-03]
  [2.14591090e-03 9.82877150e-01 1.50343210e-03 1.84326790e-03]]

 [[5.14911406e-02 4.37061280e-01 1.61731123e-02 2.79210034e-02]
  [4.11660316e-02 3.54507828e-01 2.64369026e-02 4.52427016e-02]]]
state : 6
eta : 1
pi2 : [[[3.47581046e-02 2.06250599e-01 1.09995133e-02 3.09597435e-02]
  [2.81373014e-02 6.24128090e-01 2.11349993e-02 4.36316482e-02]]

 [[1.82133827e-03 9.84862201e-01 8.57747666e-04 2.06036432e-03]
  [1.57221267e-03 5.82153994e-03 1.57984980e-03 1.42474628e-03]]]
state : 6
eta : 5
pi2 : [[[3.47581046e-02 2.06250599e-01 1.09995133e-02 3.09597435e-02]
  [2.81373014e-02 6.24128090e-01 2.11349993e-02 4.36316482e-02]]

 [[1.82133827e-03 9.84862201e-01 8.57747666e-04 2.06036432e-03]
  [1.57221267e-03 5.82153994e-03 1.57984980e-03 1.42474628e-03]]]
state : 7
eta : 1
pi2 : [[[0.00315635 0.         0.98007241 0.00351679]
  [0.00294555 0.         0.00625561 0.00405329]]

 [[0.02582635 0.         0.52444745 0.04611555]
  [0.04120261 0.         0.29779655 0.06461149]]]
state : 7
eta : 5
pi2 : [[[0.00315635 0.         0.98007241 0.00351679]
  [0.00294555 0.         0.00625561 0.00405329]]

 [[0.02582635 0.         0.52444745 0.04611555]
  [0.04120261 0.         0.29779655 0.06461149]]]
state : 8
eta : 1
pi2 : [[[9.89687749e-01 5.10361531e-04 3.67106244e-03 0.00000000e+00]
  [1.51298446e-03 2.27255070e-03 2.34529137e-03 0.00000000e+00]]

 [[7.23485260e-02 3.87422058e-02 7.42553023e-02 0.00000000e+00]
  [1.32467676e-01 5.32230151e-02 6.28963275e-01 0.00000000e+00]]]
state : 8
eta : 5
pi2 : [[[9.89687749e-01 5.10361531e-04 3.67106244e-03 0.00000000e+00]
  [1.51298446e-03 2.27255070e-03 2.34529137e-03 0.00000000e+00]]

 [[7.23485260e-02 3.87422058e-02 7.42553023e-02 0.00000000e+00]
  [1.32467676e-01 5.32230151e-02 6.28963275e-01 0.00000000e+00]]]
state : 9
eta : 1
pi2 : [[[0.19679996 0.0346561  0.05328935 0.16036214]
  [0.28365222 0.17412814 0.05603688 0.04107522]]

 [[0.17721298 0.1438434  0.12893399 0.06293612]
  [0.16261386 0.11047043 0.10467462 0.10931459]]]
state : 9
eta : 5
pi2 : [[[0.19679996 0.0346561  0.05328935 0.16036214]
  [0.28365222 0.17412814 0.05603688 0.04107522]]

 [[0.17721298 0.1438434  0.12893399 0.06293612]
  [0.16261386 0.11047043 0.10467462 0.10931459]]]
state : 10
eta : 1
pi2 : [[[0.22580931 0.22623018 0.02511467 0.0939243 ]
  [0.08199878 0.16388472 0.08084119 0.10219685]]

 [[0.12093824 0.2717439  0.04171993 0.04225621]
  [0.09822389 0.17756144 0.08516362 0.16239276]]]
state : 10
eta : 5
pi2 : [[[0.22580931 0.22623018 0.02511467 0.0939243 ]
  [0.08199878 0.16388472 0.08084119 0.10219685]]

 [[0.12093824 0.2717439  0.04171993 0.04225621]
  [0.09822389 0.17756144 0.08516362 0.16239276]]]
state : 11
eta : 1
pi2 : [[[3.95688378e-03 0.00000000e+00 9.73852627e-01 9.01732765e-04]
  [2.92476630e-03 0.00000000e+00 1.70909235e-02 1.27306627e-03]]

 [[3.61238981e-02 0.00000000e+00 6.18568558e-01 1.64161675e-02]
  [3.06873011e-02 0.00000000e+00 2.74010059e-01 2.41940158e-02]]]
state : 11
eta : 5
pi2 : [[[3.95688378e-03 0.00000000e+00 9.73852627e-01 9.01732765e-04]
  [2.92476630e-03 0.00000000e+00 1.70909235e-02 1.27306627e-03]]

 [[3.61238981e-02 0.00000000e+00 6.18568558e-01 1.64161675e-02]
  [3.06873011e-02 0.00000000e+00 2.74010059e-01 2.41940158e-02]]]
state : 12
eta : 1
pi2 : [[[1.00000000e+00 2.59107668e-18 0.00000000e+00 0.00000000e+00]
  [1.06136866e-17 1.54963495e-29 0.00000000e+00 0.00000000e+00]]

 [[9.99991327e-01 1.64112662e-08 0.00000000e+00 0.00000000e+00]
  [4.77480382e-06 3.88145955e-06 0.00000000e+00 0.00000000e+00]]]
state : 12
eta : 5
pi2 : [[[1.00000000e+00 2.59107668e-18 0.00000000e+00 0.00000000e+00]
  [1.06136866e-17 1.54963495e-29 0.00000000e+00 0.00000000e+00]]

 [[9.99991327e-01 1.64112662e-08 0.00000000e+00 0.00000000e+00]
  [4.77480382e-06 3.88145955e-06 0.00000000e+00 0.00000000e+00]]]
state : 13
eta : 1
pi2 : [[[0.16666667 0.16666667 0.         0.16666667]
  [0.16666667 0.16666667 0.         0.16666667]]

 [[0.16666667 0.16666667 0.         0.16666667]
  [0.16666667 0.16666667 0.         0.16666667]]]
state : 13
eta : 5
pi2 : [[[0.16666667 0.16666667 0.         0.16666667]
  [0.16666667 0.16666667 0.         0.16666667]]

 [[0.16666667 0.16666667 0.         0.16666667]
  [0.16666667 0.16666667 0.         0.16666667]]]
state : 14
eta : 1
pi2 : [[[0.16666667 0.16666667 0.         0.16666667]
  [0.16666667 0.16666667 0.         0.16666667]]

 [[0.16666667 0.16666667 0.         0.16666667]
  [0.16666667 0.16666667 0.         0.16666667]]]
state : 14
eta : 5
pi2 : [[[0.16666667 0.16666667 0.         0.16666667]
  [0.16666667 0.16666667 0.         0.16666667]]

 [[0.16666667 0.16666667 0.         0.16666667]
  [0.16666667 0.16666667 0.         0.16666667]]]
state : 15
eta : 1
pi2 : [[[0.25 0.   0.   0.25]
  [0.25 0.   0.   0.25]]

 [[0.25 0.   0.   0.25]
  [0.25 0.   0.   0.25]]]
state : 15
eta : 5
pi2 : [[[0.25 0.   0.   0.25]
  [0.25 0.   0.   0.25]]

 [[0.25 0.   0.   0.25]
  [0.25 0.   0.   0.25]]]
