state : 0
eta : 1
pi2 : [[[0.16744799 0.07361787 0.08900151 0.07809095]
  [0.01588224 0.15730739 0.28709808 0.13155396]]

 [[0.02724533 0.18272108 0.35323967 0.08255412]
  [0.01460078 0.11946388 0.15456715 0.065608  ]]]
state : 0
eta : 50
pi2 : [[[0.16744799 0.07361787 0.08900151 0.07809095]
  [0.01588224 0.15730739 0.28709808 0.13155396]]

 [[0.02724533 0.18272108 0.35323967 0.08255412]
  [0.01460078 0.11946388 0.15456715 0.065608  ]]]
state : 1
eta : 1
pi2 : [[[0.23419963 0.11292062 0.27521431 0.11357247]
  [0.08370087 0.01188409 0.03242027 0.13608775]]

 [[0.16546422 0.13951718 0.18311478 0.17572668]
  [0.05255523 0.03924035 0.07862418 0.16575738]]]
state : 1
eta : 50
pi2 : [[[0.23419963 0.11292062 0.27521431 0.11357247]
  [0.08370087 0.01188409 0.03242027 0.13608775]]

 [[0.16546422 0.13951718 0.18311478 0.17572668]
  [0.05255523 0.03924035 0.07862418 0.16575738]]]
state : 2
eta : 1
pi2 : [[[0.14282851 0.14757563 0.08886306 0.11678618]
  [0.08842158 0.14499676 0.09478992 0.17573838]]

 [[0.155037   0.16372337 0.06803691 0.14089831]
  [0.11209242 0.1081707  0.18576314 0.06627816]]]
state : 2
eta : 50
pi2 : [[[0.14282851 0.14757563 0.08886306 0.11678618]
  [0.08842158 0.14499676 0.09478992 0.17573838]]

 [[0.155037   0.16372337 0.06803691 0.14089831]
  [0.11209242 0.1081707  0.18576314 0.06627816]]]
state : 3
eta : 1
pi2 : [[[0.12860388 0.04614473 0.15759041 0.15537435]
  [0.13162755 0.08362534 0.15135769 0.14567607]]

 [[0.14828315 0.08045263 0.14370543 0.14437496]
  [0.11543191 0.09338531 0.11191086 0.16245575]]]
state : 3
eta : 50
pi2 : [[[0.12860388 0.04614473 0.15759041 0.15537435]
  [0.13162755 0.08362534 0.15135769 0.14567607]]

 [[0.14828315 0.08045263 0.14370543 0.14437496]
  [0.11543191 0.09338531 0.11191086 0.16245575]]]
state : 4
eta : 1
pi2 : [[[0.5036211  0.2393967  0.00663748 0.06068149]
  [0.00216992 0.03866626 0.06154863 0.08727843]]

 [[0.08632998 0.10896076 0.1643292  0.03165871]
  [0.18930521 0.1274194  0.2028106  0.08918615]]]
state : 4
eta : 50
pi2 : [[[0.5036211  0.2393967  0.00663748 0.06068149]
  [0.00216992 0.03866626 0.06154863 0.08727843]]

 [[0.08632998 0.10896076 0.1643292  0.03165871]
  [0.18930521 0.1274194  0.2028106  0.08918615]]]
state : 5
eta : 1
pi2 : [[[0.10073006 0.12153273 0.12009503 0.10467864]
  [0.16394399 0.13966181 0.1370667  0.11229102]]

 [[0.19592751 0.05514037 0.25584425 0.00165754]
  [0.05566655 0.06953739 0.31836534 0.04786106]]]
state : 5
eta : 50
pi2 : [[[0.10073006 0.12153273 0.12009503 0.10467864]
  [0.16394399 0.13966181 0.1370667  0.11229102]]

 [[0.19592751 0.05514037 0.25584425 0.00165754]
  [0.05566655 0.06953739 0.31836534 0.04786106]]]
state : 6
eta : 1
pi2 : [[[0.03509711 0.21773451 0.01915309 0.16368891]
  [0.12411361 0.12251781 0.30535518 0.01233977]]

 [[0.12857742 0.12035842 0.26369934 0.08571273]
  [0.05687185 0.1872623  0.11689038 0.04062756]]]
state : 6
eta : 50
pi2 : [[[0.03509711 0.21773451 0.01915309 0.16368891]
  [0.12411361 0.12251781 0.30535518 0.01233977]]

 [[0.12857742 0.12035842 0.26369934 0.08571273]
  [0.05687185 0.1872623  0.11689038 0.04062756]]]
state : 7
eta : 1
pi2 : [[[0.13773421 0.16215981 0.13518345 0.09466762]
  [0.10850946 0.12516753 0.118333   0.11824493]]

 [[0.13404159 0.12902274 0.0917618  0.12317141]
  [0.13254809 0.13104364 0.12792249 0.13048824]]]
state : 7
eta : 50
pi2 : [[[0.13773421 0.16215981 0.13518345 0.09466762]
  [0.10850946 0.12516753 0.118333   0.11824493]]

 [[0.13404159 0.12902274 0.0917618  0.12317141]
  [0.13254809 0.13104364 0.12792249 0.13048824]]]
state : 8
eta : 1
pi2 : [[[0.07030443 0.02976943 0.18250293 0.21419274]
  [0.06250755 0.26077027 0.01614539 0.16380725]]

 [[0.01395773 0.11045996 0.1490876  0.14941885]
  [0.12876926 0.14943006 0.14943625 0.14944029]]]
state : 8
eta : 50
pi2 : [[[0.07030443 0.02976943 0.18250293 0.21419274]
  [0.06250755 0.26077027 0.01614539 0.16380725]]

 [[0.01395773 0.11045996 0.1490876  0.14941885]
  [0.12876926 0.14943006 0.14943625 0.14944029]]]
state : 9
eta : 1
pi2 : [[[0.09825206 0.19004373 0.17866052 0.08394507]
  [0.07165103 0.16568491 0.18988828 0.02187439]]

 [[0.11256527 0.12105806 0.14674536 0.13592073]
  [0.08584462 0.0637428  0.16425154 0.16987163]]]
state : 9
eta : 50
pi2 : [[[0.09825206 0.19004373 0.17866052 0.08394507]
  [0.07165103 0.16568491 0.18988828 0.02187439]]

 [[0.11256527 0.12105806 0.14674536 0.13592073]
  [0.08584462 0.0637428  0.16425154 0.16987163]]]
state : 10
eta : 1
pi2 : [[[0.10658868 0.21435076 0.25680331 0.09367673]
  [0.00138176 0.08819766 0.08308133 0.15591976]]

 [[0.08153337 0.16201961 0.16053706 0.09319618]
  [0.15834783 0.10812166 0.12868404 0.10756025]]]
state : 10
eta : 50
pi2 : [[[0.10658868 0.21435076 0.25680331 0.09367673]
  [0.00138176 0.08819766 0.08308133 0.15591976]]

 [[0.08153337 0.16201961 0.16053706 0.09319618]
  [0.15834783 0.10812166 0.12868404 0.10756025]]]
state : 11
eta : 1
pi2 : [[[0.11975022 0.14939473 0.23759552 0.09416318]
  [0.08258342 0.12103313 0.11250587 0.08297391]]

 [[0.10051462 0.11753074 0.14237178 0.12842265]
  [0.12681853 0.12776696 0.12996834 0.1266064 ]]]
state : 11
eta : 50
pi2 : [[[0.11975022 0.14939473 0.23759552 0.09416318]
  [0.08258342 0.12103313 0.11250587 0.08297391]]

 [[0.10051462 0.11753074 0.14237178 0.12842265]
  [0.12681853 0.12776696 0.12996834 0.1266064 ]]]
state : 12
eta : 1
pi2 : [[[0.01666554 0.14365043 0.14572265 0.14572418]
  [0.12803682 0.14558749 0.1457232  0.12888968]]

 [[0.14474933 0.1373969  0.01647165 0.12623955]
  [0.14474928 0.14474895 0.14286661 0.14277773]]]
state : 12
eta : 50
pi2 : [[[0.01666554 0.14365043 0.14572265 0.14572418]
  [0.12803682 0.14558749 0.1457232  0.12888968]]

 [[0.14474933 0.1373969  0.01647165 0.12623955]
  [0.14474928 0.14474895 0.14286661 0.14277773]]]
state : 13
eta : 1
pi2 : [[[0.125 0.125 0.125 0.125]
  [0.125 0.125 0.125 0.125]]

 [[0.125 0.125 0.125 0.125]
  [0.125 0.125 0.125 0.125]]]
state : 13
eta : 50
pi2 : [[[0.125 0.125 0.125 0.125]
  [0.125 0.125 0.125 0.125]]

 [[0.125 0.125 0.125 0.125]
  [0.125 0.125 0.125 0.125]]]
state : 14
eta : 1
pi2 : [[[0.125 0.125 0.125 0.125]
  [0.125 0.125 0.125 0.125]]

 [[0.125 0.125 0.125 0.125]
  [0.125 0.125 0.125 0.125]]]
state : 14
eta : 50
pi2 : [[[0.125 0.125 0.125 0.125]
  [0.125 0.125 0.125 0.125]]

 [[0.125 0.125 0.125 0.125]
  [0.125 0.125 0.125 0.125]]]
state : 15
eta : 1
pi2 : [[[0.125 0.125 0.125 0.125]
  [0.125 0.125 0.125 0.125]]

 [[0.125 0.125 0.125 0.125]
  [0.125 0.125 0.125 0.125]]]
state : 15
eta : 50
pi2 : [[[0.125 0.125 0.125 0.125]
  [0.125 0.125 0.125 0.125]]

 [[0.125 0.125 0.125 0.125]
  [0.125 0.125 0.125 0.125]]]
