state : 0
eta : 1
pi2 : [[[0.16598966 0.07473377 0.09511839 0.08495035]
  [0.01798978 0.15697904 0.2703135  0.1339255 ]]

 [[0.02985993 0.17602033 0.33796849 0.08540004]
  [0.01581246 0.12423078 0.15793756 0.0727704 ]]]
state : 0
eta : 50
pi2 : [[[0.16598966 0.07473377 0.09511839 0.08495035]
  [0.01798978 0.15697904 0.2703135  0.1339255 ]]

 [[0.02985993 0.17602033 0.33796849 0.08540004]
  [0.01581246 0.12423078 0.15793756 0.0727704 ]]]
state : 1
eta : 1
pi2 : [[[0.22644026 0.11695227 0.26256742 0.11770799]
  [0.0897538  0.01326067 0.03494755 0.13837003]]

 [[0.16500205 0.14102666 0.1809903  0.17421258]
  [0.05275217 0.04365192 0.0769102  0.16545411]]]
state : 1
eta : 50
pi2 : [[[0.22644026 0.11695227 0.26256742 0.11770799]
  [0.0897538  0.01326067 0.03494755 0.13837003]]

 [[0.16500205 0.14102666 0.1809903  0.17421258]
  [0.05275217 0.04365192 0.0769102  0.16545411]]]
state : 2
eta : 1
pi2 : [[[0.14022657 0.14416306 0.09450481 0.11868889]
  [0.09412013 0.14207338 0.09952891 0.16669426]]

 [[0.15663116 0.16455673 0.06877302 0.1354694 ]
  [0.11150647 0.10919812 0.18439958 0.06946552]]]
state : 2
eta : 50
pi2 : [[[0.14022657 0.14416306 0.09450481 0.11868889]
  [0.09412013 0.14207338 0.09952891 0.16669426]]

 [[0.15663116 0.16455673 0.06877302 0.1354694 ]
  [0.11150647 0.10919812 0.18439958 0.06946552]]]
state : 3
eta : 1
pi2 : [[[0.12996394 0.04874864 0.15510105 0.1531999 ]
  [0.13260488 0.08592486 0.14973287 0.14472386]]

 [[0.14760623 0.08280669 0.14076595 0.1442101 ]
  [0.11534645 0.09369503 0.1157005  0.15986905]]]
state : 3
eta : 50
pi2 : [[[0.12996394 0.04874864 0.15510105 0.1531999 ]
  [0.13260488 0.08592486 0.14973287 0.14472386]]

 [[0.14760623 0.08280669 0.14076595 0.1442101 ]
  [0.11534645 0.09369503 0.1157005  0.15986905]]]
state : 4
eta : 1
pi2 : [[[0.47605955 0.23767461 0.00776342 0.06762655]
  [0.00279113 0.04542627 0.06861426 0.09404421]]

 [[0.09246503 0.11273157 0.16091352 0.03435293]
  [0.18225283 0.12850816 0.19372584 0.09505013]]]
state : 4
eta : 50
pi2 : [[[0.47605955 0.23767461 0.00776342 0.06762655]
  [0.00279113 0.04542627 0.06861426 0.09404421]]

 [[0.09246503 0.11273157 0.16091352 0.03435293]
  [0.18225283 0.12850816 0.19372584 0.09505013]]]
state : 5
eta : 1
pi2 : [[[0.10472743 0.12236715 0.12109604 0.10803212]
  [0.15692343 0.13733312 0.13520949 0.11431123]]

 [[0.1955476  0.05672889 0.2504262  0.00217275]
  [0.05732451 0.07585386 0.30694758 0.05499859]]]
state : 5
eta : 50
pi2 : [[[0.10472743 0.12236715 0.12109604 0.10803212]
  [0.15692343 0.13733312 0.13520949 0.11431123]]

 [[0.1955476  0.05672889 0.2504262  0.00217275]
  [0.05732451 0.07585386 0.30694758 0.05499859]]]
state : 6
eta : 1
pi2 : [[[0.04267036 0.21335238 0.02180633 0.16455708]
  [0.1282091  0.12673039 0.28871747 0.01395689]]

 [[0.13131156 0.1238716  0.25049117 0.09165379]
  [0.05790509 0.18380362 0.11994046 0.0410227 ]]]
state : 6
eta : 50
pi2 : [[[0.04267036 0.21335238 0.02180633 0.16455708]
  [0.1282091  0.12673039 0.28871747 0.01395689]]

 [[0.13131156 0.1238716  0.25049117 0.09165379]
  [0.05790509 0.18380362 0.11994046 0.0410227 ]]]
state : 7
eta : 1
pi2 : [[[0.13617752 0.15621997 0.13406306 0.09653442]
  [0.11154915 0.1256874  0.11992154 0.11984694]]

 [[0.13155117 0.12754402 0.10317447 0.12282766]
  [0.13036234 0.12916173 0.12666092 0.1287177 ]]]
state : 7
eta : 50
pi2 : [[[0.13617752 0.15621997 0.13406306 0.09653442]
  [0.11154915 0.1256874  0.11992154 0.11984694]]

 [[0.13155117 0.12754402 0.10317447 0.12282766]
  [0.13036234 0.12916173 0.12666092 0.1287177 ]]]
state : 8
eta : 1
pi2 : [[[0.07684587 0.0317945  0.18172216 0.21033065]
  [0.06453157 0.25197638 0.01809479 0.16470408]]

 [[0.01579646 0.11372577 0.14785581 0.14814558]
  [0.12999584 0.14815539 0.1481608  0.14816434]]]
state : 8
eta : 50
pi2 : [[[0.07684587 0.0317945  0.18172216 0.21033065]
  [0.06453157 0.25197638 0.01809479 0.16470408]]

 [[0.01579646 0.11372577 0.14785581 0.14814558]
  [0.12999584 0.14815539 0.1481608  0.14816434]]]
state : 9
eta : 1
pi2 : [[[0.10312121 0.18417738 0.17428003 0.08958644]
  [0.07854916 0.16282453 0.18404245 0.02341881]]

 [[0.11528828 0.12254905 0.14228781 0.13487161]
  [0.09171619 0.07299206 0.15790671 0.1623883 ]]]
state : 9
eta : 50
pi2 : [[[0.10312121 0.18417738 0.17428003 0.08958644]
  [0.07854916 0.16282453 0.18404245 0.02341881]]

 [[0.11528828 0.12254905 0.14228781 0.13487161]
  [0.09171619 0.07299206 0.15790671 0.1623883 ]]]
state : 10
eta : 1
pi2 : [[[0.10549756 0.4207731  0.00415951 0.08732283]
  [0.00105137 0.07962584 0.07408203 0.22748775]]

 [[0.08781628 0.15473848 0.153605   0.09774287]
  [0.1518813  0.11218838 0.13395192 0.10807579]]]
state : 10
eta : 50
pi2 : [[[0.10549756 0.4207731  0.00415951 0.08732283]
  [0.00105137 0.07962584 0.07408203 0.22748775]]

 [[0.08781628 0.15473848 0.153605   0.09774287]
  [0.1518813  0.11218838 0.13395192 0.10807579]]]
state : 11
eta : 1
pi2 : [[[0.11958853 0.14172257 0.19919774 0.10106817]
  [0.09668107 0.12058055 0.12601362 0.09514775]]

 [[0.10438788 0.1187981  0.13918033 0.12782491]
  [0.12650438 0.1272855  0.12968939 0.12632952]]]
state : 11
eta : 50
pi2 : [[[0.11958853 0.14172257 0.19919774 0.10106817]
  [0.09668107 0.12058055 0.12601362 0.09514775]]

 [[0.10438788 0.1187981  0.13918033 0.12782491]
  [0.12650438 0.1272855  0.12968939 0.12632952]]]
state : 12
eta : 1
pi2 : [[[0.01830709 0.14304683 0.14486334 0.14486468]
  [0.1293037  0.14474491 0.14486383 0.13000562]]

 [[0.14401398 0.13753479 0.01811312 0.12766358]
  [0.14401394 0.14401365 0.14236246 0.14228447]]]
state : 12
eta : 50
pi2 : [[[0.01830709 0.14304683 0.14486334 0.14486468]
  [0.1293037  0.14474491 0.14486383 0.13000562]]

 [[0.14401398 0.13753479 0.01811312 0.12766358]
  [0.14401394 0.14401365 0.14236246 0.14228447]]]
state : 13
eta : 1
pi2 : [[[0.125 0.125 0.125 0.125]
  [0.125 0.125 0.125 0.125]]

 [[0.125 0.125 0.125 0.125]
  [0.125 0.125 0.125 0.125]]]
state : 13
eta : 50
pi2 : [[[0.125 0.125 0.125 0.125]
  [0.125 0.125 0.125 0.125]]

 [[0.125 0.125 0.125 0.125]
  [0.125 0.125 0.125 0.125]]]
state : 14
eta : 1
pi2 : [[[0.125 0.125 0.125 0.125]
  [0.125 0.125 0.125 0.125]]

 [[0.125 0.125 0.125 0.125]
  [0.125 0.125 0.125 0.125]]]
state : 14
eta : 50
pi2 : [[[0.125 0.125 0.125 0.125]
  [0.125 0.125 0.125 0.125]]

 [[0.125 0.125 0.125 0.125]
  [0.125 0.125 0.125 0.125]]]
state : 15
eta : 1
pi2 : [[[0.125 0.125 0.125 0.125]
  [0.125 0.125 0.125 0.125]]

 [[0.125 0.125 0.125 0.125]
  [0.125 0.125 0.125 0.125]]]
state : 15
eta : 50
pi2 : [[[0.125 0.125 0.125 0.125]
  [0.125 0.125 0.125 0.125]]

 [[0.125 0.125 0.125 0.125]
  [0.125 0.125 0.125 0.125]]]
