state : 0
eta : 1
pi2 : [[[0.0469029  0.1991539  0.08385774 0.0526958 ]
  [0.07106245 0.38394039 0.08985345 0.07253337]]

 [[0.01934482 0.6848825  0.04921187 0.02798486]
  [0.0282579  0.10182266 0.05278443 0.03571096]]]
state : 0
eta : 5
pi2 : [[[0.0469029  0.1991539  0.08385774 0.0526958 ]
  [0.07106245 0.38394039 0.08985345 0.07253337]]

 [[0.01934482 0.6848825  0.04921187 0.02798486]
  [0.0282579  0.10182266 0.05278443 0.03571096]]]
state : 1
eta : 1
pi2 : [[[0.02654407 0.63666068 0.02942152 0.01787892]
  [0.02494568 0.21006916 0.02900071 0.02547927]]

 [[0.09292912 0.21793672 0.05418555 0.0851466 ]
  [0.05046827 0.32274505 0.12668304 0.04990564]]]
state : 1
eta : 5
pi2 : [[[0.02654407 0.63666068 0.02942152 0.01787892]
  [0.02494568 0.21006916 0.02900071 0.02547927]]

 [[0.09292912 0.21793672 0.05418555 0.0851466 ]
  [0.05046827 0.32274505 0.12668304 0.04990564]]]
state : 2
eta : 1
pi2 : [[[0.03689746 0.32924329 0.04676068 0.03834812]
  [0.04633691 0.36129191 0.10501179 0.03610984]]

 [[0.02482186 0.68277335 0.02792244 0.04003542]
  [0.02875199 0.12585715 0.04364046 0.02619734]]]
state : 2
eta : 5
pi2 : [[[0.03689746 0.32924329 0.04676068 0.03834812]
  [0.04633691 0.36129191 0.10501179 0.03610984]]

 [[0.02482186 0.68277335 0.02792244 0.04003542]
  [0.02875199 0.12585715 0.04364046 0.02619734]]]
state : 3
eta : 1
pi2 : [[[0.03886285 0.02725741 0.38907448 0.03876182]
  [0.02565997 0.0186973  0.41774424 0.04394193]]

 [[0.03678755 0.0434892  0.39081523 0.05244955]
  [0.044826   0.04569748 0.34150569 0.0444293 ]]]
state : 3
eta : 5
pi2 : [[[0.03886285 0.02725741 0.38907448 0.03876182]
  [0.02565997 0.0186973  0.41774424 0.04394193]]

 [[0.03678755 0.0434892  0.39081523 0.05244955]
  [0.044826   0.04569748 0.34150569 0.0444293 ]]]
state : 4
eta : 1
pi2 : [[[0.00790219 0.96006425 0.00399714 0.00230098]
  [0.01126683 0.00667544 0.00428498 0.00350818]]

 [[0.06078962 0.38647263 0.04111945 0.04488066]
  [0.23085006 0.1142055  0.07449025 0.04719183]]]
state : 4
eta : 5
pi2 : [[[0.00790219 0.96006425 0.00399714 0.00230098]
  [0.01126683 0.00667544 0.00428498 0.00350818]]

 [[0.06078962 0.38647263 0.04111945 0.04488066]
  [0.23085006 0.1142055  0.07449025 0.04719183]]]
state : 5
eta : 1
pi2 : [[[0.00779875 0.00781311 0.00254312 0.00628289]
  [0.00597291 0.96333677 0.0029067  0.00334574]]

 [[0.23247474 0.1597709  0.05864297 0.08491339]
  [0.08728866 0.23248435 0.05084788 0.09357713]]]
state : 5
eta : 5
pi2 : [[[0.00779875 0.00781311 0.00254312 0.00628289]
  [0.00597291 0.96333677 0.0029067  0.00334574]]

 [[0.23247474 0.1597709  0.05864297 0.08491339]
  [0.08728866 0.23248435 0.05084788 0.09357713]]]
state : 6
eta : 1
pi2 : [[[0.07169762 0.34060089 0.04148969 0.0352449 ]
  [0.08246923 0.34946871 0.0303829  0.04864607]]

 [[0.00669539 0.8822839  0.00327894 0.00672242]
  [0.01006969 0.0827241  0.00375656 0.00446901]]]
state : 6
eta : 5
pi2 : [[[0.07169762 0.34060089 0.04148969 0.0352449 ]
  [0.08246923 0.34946871 0.0303829  0.04864607]]

 [[0.00669539 0.8822839  0.00327894 0.00672242]
  [0.01006969 0.0827241  0.00375656 0.00446901]]]
state : 7
eta : 1
pi2 : [[[0.00960375 0.00962029 0.76613592 0.00611031]
  [0.00897233 0.00934342 0.18283443 0.00737956]]

 [[0.00922388 0.00962752 0.86947204 0.00619951]
  [0.00996767 0.00762502 0.08073744 0.00714692]]]
state : 7
eta : 5
pi2 : [[[0.00960375 0.00962029 0.76613592 0.00611031]
  [0.00897233 0.00934342 0.18283443 0.00737956]]

 [[0.00922388 0.00962752 0.86947204 0.00619951]
  [0.00996767 0.00762502 0.08073744 0.00714692]]]
state : 8
eta : 1
pi2 : [[[0.12804579 0.07404717 0.12009995 0.05855745]
  [0.45052991 0.06311603 0.06594492 0.03965878]]

 [[0.96117538 0.00296483 0.00347817 0.00280711]
  [0.01412646 0.00371216 0.00519238 0.0065435 ]]]
state : 8
eta : 5
pi2 : [[[0.12804579 0.07404717 0.12009995 0.05855745]
  [0.45052991 0.06311603 0.06594492 0.03965878]]

 [[0.96117538 0.00296483 0.00347817 0.00280711]
  [0.01412646 0.00371216 0.00519238 0.0065435 ]]]
state : 9
eta : 1
pi2 : [[[0.15613391 0.11660885 0.10836355 0.07414488]
  [0.10825272 0.0669361  0.13937131 0.23018869]]

 [[0.18496453 0.19134699 0.09873783 0.05437684]
  [0.16447942 0.12405462 0.07261833 0.10942144]]]
state : 9
eta : 5
pi2 : [[[0.15613391 0.11660885 0.10836355 0.07414488]
  [0.10825272 0.0669361  0.13937131 0.23018869]]

 [[0.18496453 0.19134699 0.09873783 0.05437684]
  [0.16447942 0.12405462 0.07261833 0.10942144]]]
state : 10
eta : 1
pi2 : [[[0.16950334 0.16889278 0.07457908 0.1016662 ]
  [0.14142882 0.19228035 0.06928635 0.08236309]]

 [[0.0971867  0.21694303 0.06145773 0.08306805]
  [0.19507763 0.12091752 0.11978375 0.10556559]]]
state : 10
eta : 5
pi2 : [[[0.16950334 0.16889278 0.07457908 0.1016662 ]
  [0.14142882 0.19228035 0.06928635 0.08236309]]

 [[0.0971867  0.21694303 0.06145773 0.08306805]
  [0.19507763 0.12091752 0.11978375 0.10556559]]]
state : 11
eta : 1
pi2 : [[[0.00721074 0.00783807 0.48280107 0.00250417]
  [0.00810321 0.00650943 0.48280107 0.00223225]]

 [[0.01235819 0.01167173 0.47057595 0.0043803 ]
  [0.01414631 0.01194146 0.47057595 0.00435011]]]
state : 11
eta : 5
pi2 : [[[0.00721074 0.00783807 0.48280107 0.00250417]
  [0.00810321 0.00650943 0.48280107 0.00223225]]

 [[0.01235819 0.01167173 0.47057595 0.0043803 ]
  [0.01414631 0.01194146 0.47057595 0.00435011]]]
state : 12
eta : 1
pi2 : [[[0.02955531 0.01406867 0.01329652 0.02166314]
  [0.88041341 0.00985394 0.01621701 0.014932  ]]

 [[0.01607356 0.00752491 0.00481299 0.00555054]
  [0.94314339 0.00861771 0.00703282 0.00724408]]]
state : 12
eta : 5
pi2 : [[[0.02955531 0.01406867 0.01329652 0.02166314]
  [0.88041341 0.00985394 0.01621701 0.014932  ]]

 [[0.01607356 0.00752491 0.00481299 0.00555054]
  [0.94314339 0.00861771 0.00703282 0.00724408]]]
state : 13
eta : 1
pi2 : [[[0.140527 0.140527 0.078419 0.140527]
  [0.140527 0.140527 0.078419 0.140527]]

 [[0.140527 0.140527 0.078419 0.140527]
  [0.140527 0.140527 0.078419 0.140527]]]
state : 13
eta : 5
pi2 : [[[0.140527 0.140527 0.078419 0.140527]
  [0.140527 0.140527 0.078419 0.140527]]

 [[0.140527 0.140527 0.078419 0.140527]
  [0.140527 0.140527 0.078419 0.140527]]]
state : 14
eta : 1
pi2 : [[[0.140527 0.140527 0.078419 0.140527]
  [0.140527 0.140527 0.078419 0.140527]]

 [[0.140527 0.140527 0.078419 0.140527]
  [0.140527 0.140527 0.078419 0.140527]]]
state : 14
eta : 5
pi2 : [[[0.140527 0.140527 0.078419 0.140527]
  [0.140527 0.140527 0.078419 0.140527]]

 [[0.140527 0.140527 0.078419 0.140527]
  [0.140527 0.140527 0.078419 0.140527]]]
state : 15
eta : 1
pi2 : [[[0.16045851 0.08954149 0.08954149 0.16045851]
  [0.16045851 0.08954149 0.08954149 0.16045851]]

 [[0.16045851 0.08954149 0.08954149 0.16045851]
  [0.16045851 0.08954149 0.08954149 0.16045851]]]
state : 15
eta : 5
pi2 : [[[0.16045851 0.08954149 0.08954149 0.16045851]
  [0.16045851 0.08954149 0.08954149 0.16045851]]

 [[0.16045851 0.08954149 0.08954149 0.16045851]
  [0.16045851 0.08954149 0.08954149 0.16045851]]]
