state : 0
eta : 1
pi2 : [[[0.0469029  0.1991539  0.08385774 0.0526958 ]
  [0.07106245 0.38394039 0.08985345 0.07253337]]

 [[0.01934436 0.68489301 0.04921092 0.02798422]
  [0.02825725 0.10182153 0.05277853 0.03571019]]]
state : 0
eta : 5
pi2 : [[[0.0469029  0.1991539  0.08385774 0.0526958 ]
  [0.07106245 0.38394039 0.08985345 0.07253337]]

 [[0.01934436 0.68489301 0.04921092 0.02798422]
  [0.02825725 0.10182153 0.05277853 0.03571019]]]
state : 1
eta : 1
pi2 : [[[0.02654436 0.6366546  0.02942185 0.01787911]
  [0.02494595 0.21007354 0.02900103 0.02547955]]

 [[0.09292912 0.21793672 0.05418555 0.0851466 ]
  [0.05046827 0.32274505 0.12668304 0.04990564]]]
state : 1
eta : 5
pi2 : [[[0.02654436 0.6366546  0.02942185 0.01787911]
  [0.02494595 0.21007354 0.02900103 0.02547955]]

 [[0.09292912 0.21793672 0.05418555 0.0851466 ]
  [0.05046827 0.32274505 0.12668304 0.04990564]]]
state : 2
eta : 1
pi2 : [[[0.03689762 0.32923543 0.0467609  0.03834828]
  [0.04633713 0.36129812 0.10501252 0.03610999]]

 [[0.02482186 0.68277335 0.02792244 0.04003542]
  [0.02875199 0.12585715 0.04364046 0.02619734]]]
state : 2
eta : 5
pi2 : [[[0.03689762 0.32923543 0.0467609  0.03834828]
  [0.04633713 0.36129812 0.10501252 0.03610999]]

 [[0.02482186 0.68277335 0.02792244 0.04003542]
  [0.02875199 0.12585715 0.04364046 0.02619734]]]
state : 3
eta : 1
pi2 : [[[0.03886295 0.02725747 0.38906876 0.03876192]
  [0.02566003 0.01869733 0.4177495  0.04394205]]

 [[0.03678755 0.0434892  0.39081523 0.05244955]
  [0.044826   0.04569748 0.34150569 0.0444293 ]]]
state : 3
eta : 5
pi2 : [[[0.03886295 0.02725747 0.38906876 0.03876192]
  [0.02566003 0.01869733 0.4177495  0.04394205]]

 [[0.03678755 0.0434892  0.39081523 0.05244955]
  [0.044826   0.04569748 0.34150569 0.0444293 ]]]
state : 4
eta : 1
pi2 : [[[0.00790127 0.96007006 0.00399668 0.00230072]
  [0.0112643  0.00667467 0.00428452 0.00350778]]

 [[0.06078992 0.38648452 0.04111959 0.04488082]
  [0.23083593 0.11420654 0.07449069 0.04719201]]]
state : 4
eta : 5
pi2 : [[[0.00790127 0.96007006 0.00399668 0.00230072]
  [0.0112643  0.00667467 0.00428452 0.00350778]]

 [[0.06078992 0.38648452 0.04111959 0.04488082]
  [0.23083593 0.11420654 0.07449069 0.04719201]]]
state : 5
eta : 1
pi2 : [[[0.00779772 0.00781208 0.00254279 0.00628131]
  [0.00597213 0.96334236 0.00290632 0.00334531]]

 [[0.23247474 0.1597709  0.05864297 0.08491339]
  [0.08728866 0.23248435 0.05084788 0.09357713]]]
state : 5
eta : 5
pi2 : [[[0.00779772 0.00781208 0.00254279 0.00628131]
  [0.00597213 0.96334236 0.00290632 0.00334531]]

 [[0.23247474 0.1597709  0.05864297 0.08491339]
  [0.08728866 0.23248435 0.05084788 0.09357713]]]
state : 6
eta : 1
pi2 : [[[0.07169762 0.34060089 0.04148969 0.0352449 ]
  [0.08246923 0.34946871 0.0303829  0.04864607]]

 [[0.00669514 0.88229061 0.00327882 0.00672217]
  [0.01006929 0.0827187  0.00375642 0.00446885]]]
state : 6
eta : 5
pi2 : [[[0.07169762 0.34060089 0.04148969 0.0352449 ]
  [0.08246923 0.34946871 0.0303829  0.04864607]]

 [[0.00669514 0.88229061 0.00327882 0.00672217]
  [0.01006929 0.0827187  0.00375642 0.00446885]]]
state : 7
eta : 1
pi2 : [[[0.0096038  0.00962034 0.76612992 0.00611035]
  [0.00897239 0.00934347 0.18284013 0.0073796 ]]

 [[0.00922448 0.00962815 0.86946035 0.0061999 ]
  [0.00996832 0.00762551 0.08074591 0.00714738]]]
state : 7
eta : 5
pi2 : [[[0.0096038  0.00962034 0.76612992 0.00611035]
  [0.00897239 0.00934347 0.18284013 0.0073796 ]]

 [[0.00922448 0.00962815 0.86946035 0.0061999 ]
  [0.00996832 0.00762551 0.08074591 0.00714738]]]
state : 8
eta : 1
pi2 : [[[0.12804579 0.07404717 0.12009995 0.05855745]
  [0.45052991 0.06311603 0.06594492 0.03965878]]

 [[0.96117673 0.00296474 0.00347807 0.00280702]
  [0.01412591 0.00371204 0.00519221 0.00654328]]]
state : 8
eta : 5
pi2 : [[[0.12804579 0.07404717 0.12009995 0.05855745]
  [0.45052991 0.06311603 0.06594492 0.03965878]]

 [[0.96117673 0.00296474 0.00347807 0.00280702]
  [0.01412591 0.00371204 0.00519221 0.00654328]]]
state : 9
eta : 1
pi2 : [[[0.15613391 0.11660885 0.10836355 0.07414488]
  [0.10825272 0.0669361  0.13937131 0.23018869]]

 [[0.18496453 0.19134699 0.09873783 0.05437684]
  [0.16447942 0.12405462 0.07261833 0.10942144]]]
state : 9
eta : 5
pi2 : [[[0.15613391 0.11660885 0.10836355 0.07414488]
  [0.10825272 0.0669361  0.13937131 0.23018869]]

 [[0.18496453 0.19134699 0.09873783 0.05437684]
  [0.16447942 0.12405462 0.07261833 0.10942144]]]
state : 10
eta : 1
pi2 : [[[0.16950334 0.16889278 0.07457908 0.1016662 ]
  [0.14142882 0.19228035 0.06928635 0.08236309]]

 [[0.0971867  0.21694303 0.06145773 0.08306805]
  [0.19507763 0.12091752 0.11978375 0.10556559]]]
state : 10
eta : 5
pi2 : [[[0.16950334 0.16889278 0.07457908 0.1016662 ]
  [0.14142882 0.19228035 0.06928635 0.08236309]]

 [[0.0971867  0.21694303 0.06145773 0.08306805]
  [0.19507763 0.12091752 0.11978375 0.10556559]]]
state : 11
eta : 1
pi2 : [[[0.00721073 0.00783807 0.48280108 0.00250417]
  [0.0081032  0.00650943 0.48280108 0.00223224]]

 [[0.01235819 0.01167173 0.47057595 0.0043803 ]
  [0.01414631 0.01194146 0.47057595 0.00435011]]]
state : 11
eta : 5
pi2 : [[[0.00721073 0.00783807 0.48280108 0.00250417]
  [0.0081032  0.00650943 0.48280108 0.00223224]]

 [[0.01235819 0.01167173 0.47057595 0.0043803 ]
  [0.01414631 0.01194146 0.47057595 0.00435011]]]
state : 12
eta : 1
pi2 : [[[0.02955883 0.01407015 0.01329791 0.02166557]
  [0.88040026 0.00985494 0.01621875 0.01493359]]

 [[0.01605698 0.00751705 0.00480219 0.00554473]
  [0.94320832 0.00860873 0.00702548 0.00723652]]]
state : 12
eta : 5
pi2 : [[[0.02955883 0.01407015 0.01329791 0.02166557]
  [0.88040026 0.00985494 0.01621875 0.01493359]]

 [[0.01605698 0.00751705 0.00480219 0.00554473]
  [0.94320832 0.00860873 0.00702548 0.00723652]]]
state : 13
eta : 1
pi2 : [[[0.140527 0.140527 0.078419 0.140527]
  [0.140527 0.140527 0.078419 0.140527]]

 [[0.140527 0.140527 0.078419 0.140527]
  [0.140527 0.140527 0.078419 0.140527]]]
state : 13
eta : 5
pi2 : [[[0.140527 0.140527 0.078419 0.140527]
  [0.140527 0.140527 0.078419 0.140527]]

 [[0.140527 0.140527 0.078419 0.140527]
  [0.140527 0.140527 0.078419 0.140527]]]
state : 14
eta : 1
pi2 : [[[0.140527 0.140527 0.078419 0.140527]
  [0.140527 0.140527 0.078419 0.140527]]

 [[0.140527 0.140527 0.078419 0.140527]
  [0.140527 0.140527 0.078419 0.140527]]]
state : 14
eta : 5
pi2 : [[[0.140527 0.140527 0.078419 0.140527]
  [0.140527 0.140527 0.078419 0.140527]]

 [[0.140527 0.140527 0.078419 0.140527]
  [0.140527 0.140527 0.078419 0.140527]]]
state : 15
eta : 1
pi2 : [[[0.16045851 0.08954149 0.08954149 0.16045851]
  [0.16045851 0.08954149 0.08954149 0.16045851]]

 [[0.16045851 0.08954149 0.08954149 0.16045851]
  [0.16045851 0.08954149 0.08954149 0.16045851]]]
state : 15
eta : 5
pi2 : [[[0.16045851 0.08954149 0.08954149 0.16045851]
  [0.16045851 0.08954149 0.08954149 0.16045851]]

 [[0.16045851 0.08954149 0.08954149 0.16045851]
  [0.16045851 0.08954149 0.08954149 0.16045851]]]
