state : 0
eta : 1
pi2 : [[[0.04260652 0.37975772 0.05961092 0.06090492]
  [0.06436484 0.17942722 0.14607408 0.06725378]]

 [[0.05859731 0.08348104 0.06676941 0.06763732]
  [0.05659698 0.53978931 0.09392277 0.03320586]]]
state : 0
eta : 5
pi2 : [[[0.04260652 0.37975772 0.05961092 0.06090492]
  [0.06436484 0.17942722 0.14607408 0.06725378]]

 [[0.05859731 0.08348104 0.06676941 0.06763732]
  [0.05659698 0.53978931 0.09392277 0.03320586]]]
state : 1
eta : 1
pi2 : [[[0.04966296 0.45250718 0.09911251 0.07600814]
  [0.0422607  0.11598979 0.07218523 0.0922735 ]]

 [[0.05581292 0.31964477 0.09376372 0.05581204]
  [0.05210743 0.21539618 0.09029367 0.11716928]]]
state : 1
eta : 5
pi2 : [[[0.04966296 0.45250718 0.09911251 0.07600814]
  [0.0422607  0.11598979 0.07218523 0.0922735 ]]

 [[0.05581292 0.31964477 0.09376372 0.05581204]
  [0.05210743 0.21539618 0.09029367 0.11716928]]]
state : 2
eta : 1
pi2 : [[[0.0369511  0.33820306 0.16445544 0.0495407 ]
  [0.03751913 0.2742805  0.05136338 0.0476867 ]]

 [[0.0701884  0.12703948 0.13527964 0.08654068]
  [0.07435116 0.31918969 0.13065977 0.05675117]]]
state : 2
eta : 5
pi2 : [[[0.0369511  0.33820306 0.16445544 0.0495407 ]
  [0.03751913 0.2742805  0.05136338 0.0476867 ]]

 [[0.0701884  0.12703948 0.13527964 0.08654068]
  [0.07435116 0.31918969 0.13065977 0.05675117]]]
state : 3
eta : 1
pi2 : [[[0.04595346 0.03438812 0.27788375 0.04523955]
  [0.04935939 0.03314081 0.47273729 0.04129762]]

 [[0.03669437 0.04993691 0.22012658 0.03645077]
  [0.05332546 0.05241923 0.50145788 0.0495888 ]]]
state : 3
eta : 5
pi2 : [[[0.04595346 0.03438812 0.27788375 0.04523955]
  [0.04935939 0.03314081 0.47273729 0.04129762]]

 [[0.03669437 0.04993691 0.22012658 0.03645077]
  [0.05332546 0.05241923 0.50145788 0.0495888 ]]]
state : 4
eta : 1
pi2 : [[[0.1657673  0.11238962 0.07428856 0.07888903]
  [0.15403772 0.18300094 0.13128835 0.10033848]]

 [[0.00327343 0.97474944 0.0021385  0.00308721]
  [0.00479251 0.00540794 0.00308688 0.00346408]]]
state : 4
eta : 5
pi2 : [[[0.1657673  0.11238962 0.07428856 0.07888903]
  [0.15403772 0.18300094 0.13128835 0.10033848]]

 [[0.00327343 0.97474944 0.0021385  0.00308721]
  [0.00479251 0.00540794 0.00308688 0.00346408]]]
state : 5
eta : 1
pi2 : [[[0.00327585 0.01425181 0.00127337 0.00321011]
  [0.00384246 0.96497515 0.00321378 0.00595747]]

 [[0.03660211 0.70738263 0.01307846 0.05163816]
  [0.06169841 0.05711253 0.03274559 0.03974212]]]
state : 5
eta : 5
pi2 : [[[0.00327585 0.01425181 0.00127337 0.00321011]
  [0.00384246 0.96497515 0.00321378 0.00595747]]

 [[0.03660211 0.70738263 0.01307846 0.05163816]
  [0.06169841 0.05711253 0.03274559 0.03974212]]]
state : 6
eta : 1
pi2 : [[[0.0161524  0.03328529 0.00709818 0.01516289]
  [0.01548614 0.88522572 0.01230318 0.01528621]]

 [[0.00590742 0.05680336 0.00200525 0.00460143]
  [0.00546458 0.91647377 0.00353589 0.0052083 ]]]
state : 6
eta : 5
pi2 : [[[0.0161524  0.03328529 0.00709818 0.01516289]
  [0.01548614 0.88522572 0.01230318 0.01528621]]

 [[0.00590742 0.05680336 0.00200525 0.00460143]
  [0.00546458 0.91647377 0.00353589 0.0052083 ]]]
state : 7
eta : 1
pi2 : [[[0.01989967 0.0124509  0.85066134 0.01917547]
  [0.01723635 0.01096558 0.05824488 0.01136581]]

 [[0.00314943 0.00351587 0.97395941 0.00289804]
  [0.00299899 0.00255717 0.00868468 0.00223641]]]
state : 7
eta : 5
pi2 : [[[0.01989967 0.0124509  0.85066134 0.01917547]
  [0.01723635 0.01096558 0.05824488 0.01136581]]

 [[0.00314943 0.00351587 0.97395941 0.00289804]
  [0.00299899 0.00255717 0.00868468 0.00223641]]]
state : 8
eta : 1
pi2 : [[[0.01498836 0.00268081 0.01074225 0.00847676]
  [0.94811576 0.00418483 0.00558603 0.0052252 ]]

 [[0.01073987 0.0029414  0.00975665 0.00334093]
  [0.94548748 0.00768522 0.0142957  0.00575273]]]
state : 8
eta : 5
pi2 : [[[0.01498836 0.00268081 0.01074225 0.00847676]
  [0.94811576 0.00418483 0.00558603 0.0052252 ]]

 [[0.01073987 0.0029414  0.00975665 0.00334093]
  [0.94548748 0.00768522 0.0142957  0.00575273]]]
state : 9
eta : 1
pi2 : [[[0.11562788 0.12169504 0.12003286 0.05819084]
  [0.22557459 0.17706385 0.1222333  0.05958164]]

 [[0.1432696  0.06701959 0.04286868 0.07244552]
  [0.1319375  0.40869797 0.06552288 0.06823825]]]
state : 9
eta : 5
pi2 : [[[0.11562788 0.12169504 0.12003286 0.05819084]
  [0.22557459 0.17706385 0.1222333  0.05958164]]

 [[0.1432696  0.06701959 0.04286868 0.07244552]
  [0.1319375  0.40869797 0.06552288 0.06823825]]]
state : 10
eta : 1
pi2 : [[[0.17097717 0.25424255 0.04550083 0.07334536]
  [0.16002453 0.15637523 0.06050481 0.07902951]]

 [[0.11981087 0.24367953 0.06933396 0.06088772]
  [0.14581417 0.19296274 0.09169013 0.07582088]]]
state : 10
eta : 5
pi2 : [[[0.17097717 0.25424255 0.04550083 0.07334536]
  [0.16002453 0.15637523 0.06050481 0.07902951]]

 [[0.11981087 0.24367953 0.06933396 0.06088772]
  [0.14581417 0.19296274 0.09169013 0.07582088]]]
state : 11
eta : 1
pi2 : [[[1.61734171e-03 1.36527829e-03 9.71409230e-01 5.17981806e-04]
  [2.30427385e-03 1.17868231e-03 2.07507349e-02 8.56476952e-04]]

 [[3.60692808e-02 3.26555357e-02 5.12167921e-01 1.32708440e-02]
  [5.09517142e-02 3.27208011e-02 3.03597508e-01 1.85663947e-02]]]
state : 11
eta : 5
pi2 : [[[1.61734171e-03 1.36527829e-03 9.71409230e-01 5.17981806e-04]
  [2.30427385e-03 1.17868231e-03 2.07507349e-02 8.56476952e-04]]

 [[3.60692808e-02 3.26555357e-02 5.12167921e-01 1.32708440e-02]
  [5.09517142e-02 3.27208011e-02 3.03597508e-01 1.85663947e-02]]]
state : 12
eta : 1
pi2 : [[[0.97305686 0.00277312 0.00352567 0.00394396]
  [0.00767834 0.00197688 0.00366912 0.00337605]]

 [[0.02404674 0.00855388 0.02169964 0.01441168]
  [0.85605125 0.02193898 0.04563949 0.00765834]]]
state : 12
eta : 5
pi2 : [[[0.97305686 0.00277312 0.00352567 0.00394396]
  [0.00767834 0.00197688 0.00366912 0.00337605]]

 [[0.02404674 0.00855388 0.02169964 0.01441168]
  [0.85605125 0.02193898 0.04563949 0.00765834]]]
state : 13
eta : 1
pi2 : [[[0.140527 0.140527 0.078419 0.140527]
  [0.140527 0.140527 0.078419 0.140527]]

 [[0.140527 0.140527 0.078419 0.140527]
  [0.140527 0.140527 0.078419 0.140527]]]
state : 13
eta : 5
pi2 : [[[0.140527 0.140527 0.078419 0.140527]
  [0.140527 0.140527 0.078419 0.140527]]

 [[0.140527 0.140527 0.078419 0.140527]
  [0.140527 0.140527 0.078419 0.140527]]]
state : 14
eta : 1
pi2 : [[[0.140527 0.140527 0.078419 0.140527]
  [0.140527 0.140527 0.078419 0.140527]]

 [[0.140527 0.140527 0.078419 0.140527]
  [0.140527 0.140527 0.078419 0.140527]]]
state : 14
eta : 5
pi2 : [[[0.140527 0.140527 0.078419 0.140527]
  [0.140527 0.140527 0.078419 0.140527]]

 [[0.140527 0.140527 0.078419 0.140527]
  [0.140527 0.140527 0.078419 0.140527]]]
state : 15
eta : 1
pi2 : [[[0.16045851 0.08954149 0.08954149 0.16045851]
  [0.16045851 0.08954149 0.08954149 0.16045851]]

 [[0.16045851 0.08954149 0.08954149 0.16045851]
  [0.16045851 0.08954149 0.08954149 0.16045851]]]
state : 15
eta : 5
pi2 : [[[0.16045851 0.08954149 0.08954149 0.16045851]
  [0.16045851 0.08954149 0.08954149 0.16045851]]

 [[0.16045851 0.08954149 0.08954149 0.16045851]
  [0.16045851 0.08954149 0.08954149 0.16045851]]]
