state : 0
eta : 1
pi2 : [[[0.01155611 0.86433792 0.0121566  0.01152996]
  [0.01797695 0.02698057 0.03959702 0.01586487]]

 [[0.17940738 0.28807647 0.07269269 0.09279668]
  [0.03775584 0.12527772 0.1118673  0.09212592]]]
state : 0
eta : 5
pi2 : [[[0.01155611 0.86433792 0.0121566  0.01152996]
  [0.01797695 0.02698057 0.03959702 0.01586487]]

 [[0.17940738 0.28807647 0.07269269 0.09279668]
  [0.03775584 0.12527772 0.1118673  0.09212592]]]
state : 1
eta : 1
pi2 : [[[0.02010751 0.05551527 0.53485049 0.03409888]
  [0.01366371 0.12302995 0.16964854 0.04908566]]

 [[0.10167241 0.12826127 0.13773509 0.1610253 ]
  [0.06194002 0.13009672 0.20755238 0.0717168 ]]]
state : 1
eta : 5
pi2 : [[[0.02010751 0.05551527 0.53485049 0.03409888]
  [0.01366371 0.12302995 0.16964854 0.04908566]]

 [[0.10167241 0.12826127 0.13773509 0.1610253 ]
  [0.06194002 0.13009672 0.20755238 0.0717168 ]]]
state : 2
eta : 1
pi2 : [[[0.04600787 0.07815725 0.23176016 0.14102833]
  [0.05433943 0.1433947  0.2224458  0.08286647]]

 [[0.08078713 0.24633931 0.14727666 0.07587408]
  [0.04390782 0.08790299 0.22517035 0.09274166]]]
state : 2
eta : 5
pi2 : [[[0.04600787 0.07815725 0.23176016 0.14102833]
  [0.05433943 0.1433947  0.2224458  0.08286647]]

 [[0.08078713 0.24633931 0.14727666 0.07587408]
  [0.04390782 0.08790299 0.22517035 0.09274166]]]
state : 3
eta : 1
pi2 : [[[0.04074231 0.05668086 0.36471962 0.10973971]
  [0.04272626 0.06835123 0.19273032 0.12430971]]

 [[0.06118035 0.05613413 0.46014374 0.07838113]
  [0.08389577 0.07914103 0.09040402 0.09071983]]]
state : 3
eta : 5
pi2 : [[[0.04074231 0.05668086 0.36471962 0.10973971]
  [0.04272626 0.06835123 0.19273032 0.12430971]]

 [[0.06118035 0.05613413 0.46014374 0.07838113]
  [0.08389577 0.07914103 0.09040402 0.09071983]]]
state : 4
eta : 1
pi2 : [[[0.00823987 0.00352239 0.00334452 0.00132092]
  [0.00127983 0.97881426 0.0023278  0.00115042]]

 [[0.14573399 0.25964965 0.06004501 0.09522715]
  [0.22463576 0.05958929 0.09142575 0.06369341]]]
state : 4
eta : 5
pi2 : [[[0.00823987 0.00352239 0.00334452 0.00132092]
  [0.00127983 0.97881426 0.0023278  0.00115042]]

 [[0.14573399 0.25964965 0.06004501 0.09522715]
  [0.22463576 0.05958929 0.09142575 0.06369341]]]
state : 5
eta : 1
pi2 : [[[0.05530889 0.13159033 0.0185389  0.09045428]
  [0.03007612 0.6075446  0.02842769 0.03805919]]

 [[0.00348165 0.97802476 0.00137958 0.00338214]
  [0.00141923 0.00733118 0.00287918 0.00210228]]]
state : 5
eta : 5
pi2 : [[[0.05530889 0.13159033 0.0185389  0.09045428]
  [0.03007612 0.6075446  0.02842769 0.03805919]]

 [[0.00348165 0.97802476 0.00137958 0.00338214]
  [0.00141923 0.00733118 0.00287918 0.00210228]]]
state : 6
eta : 1
pi2 : [[[0.00190733 0.97803222 0.00315592 0.00297767]
  [0.00268808 0.00374588 0.00442843 0.00306447]]

 [[0.01947068 0.82924129 0.03609252 0.01380389]
  [0.00916735 0.04259998 0.02785156 0.02177272]]]
state : 6
eta : 5
pi2 : [[[0.00190733 0.97803222 0.00315592 0.00297767]
  [0.00268808 0.00374588 0.00442843 0.00306447]]

 [[0.01947068 0.82924129 0.03609252 0.01380389]
  [0.00916735 0.04259998 0.02785156 0.02177272]]]
state : 7
eta : 1
pi2 : [[[7.69191952e-04 7.28631503e-04 9.85150560e-01 1.36120870e-03]
  [1.07246514e-03 5.99924052e-04 9.35716651e-03 9.60852190e-04]]

 [[4.33146688e-02 4.72709832e-02 1.33394126e-01 5.60075995e-02]
  [2.72419890e-02 2.86988873e-02 6.36950648e-01 2.71210975e-02]]]
state : 7
eta : 5
pi2 : [[[7.69191952e-04 7.28631503e-04 9.85150560e-01 1.36120870e-03]
  [1.07246514e-03 5.99924052e-04 9.35716651e-03 9.60852190e-04]]

 [[4.33146688e-02 4.72709832e-02 1.33394126e-01 5.60075995e-02]
  [2.72419890e-02 2.86988873e-02 6.36950648e-01 2.71210975e-02]]]
state : 8
eta : 1
pi2 : [[[0.97910742 0.00117619 0.00640227 0.00256475]
  [0.00315548 0.00389152 0.00236382 0.00133856]]

 [[0.79505804 0.00978055 0.02287858 0.07484454]
  [0.04138785 0.02301891 0.00796694 0.0250646 ]]]
state : 8
eta : 5
pi2 : [[[0.97910742 0.00117619 0.00640227 0.00256475]
  [0.00315548 0.00389152 0.00236382 0.00133856]]

 [[0.79505804 0.00978055 0.02287858 0.07484454]
  [0.04138785 0.02301891 0.00796694 0.0250646 ]]]
state : 9
eta : 1
pi2 : [[[0.04968277 0.06988979 0.03995011 0.08877532]
  [0.08266316 0.53959809 0.06100634 0.06843441]]

 [[0.08841119 0.10865024 0.05316879 0.05846747]
  [0.15651699 0.37983893 0.05877388 0.09617252]]]
state : 9
eta : 5
pi2 : [[[0.04968277 0.06988979 0.03995011 0.08877532]
  [0.08266316 0.53959809 0.06100634 0.06843441]]

 [[0.08841119 0.10865024 0.05316879 0.05846747]
  [0.15651699 0.37983893 0.05877388 0.09617252]]]
state : 10
eta : 1
pi2 : [[[0.09833491 0.1546579  0.01270093 0.03515879]
  [0.06822477 0.58210501 0.01838749 0.03043018]]

 [[0.01832523 0.8635221  0.0133635  0.01153555]
  [0.02026635 0.0476181  0.01123741 0.01413177]]]
state : 10
eta : 5
pi2 : [[[0.09833491 0.1546579  0.01270093 0.03515879]
  [0.06822477 0.58210501 0.01838749 0.03043018]]

 [[0.01832523 0.8635221  0.0133635  0.01153555]
  [0.02026635 0.0476181  0.01123741 0.01413177]]]
state : 11
eta : 1
pi2 : [[[2.23385401e-03 9.33197461e-04 9.83758511e-01 5.55188987e-04]
  [1.55866936e-03 8.56783032e-04 9.24652827e-03 8.57268263e-04]]

 [[2.90959684e-03 3.36350446e-03 9.64656613e-01 2.03722706e-03]
  [3.22981016e-03 3.16461226e-03 1.86299045e-02 2.00873141e-03]]]
state : 11
eta : 5
pi2 : [[[2.23385401e-03 9.33197461e-04 9.83758511e-01 5.55188987e-04]
  [1.55866936e-03 8.56783032e-04 9.24652827e-03 8.57268263e-04]]

 [[2.90959684e-03 3.36350446e-03 9.64656613e-01 2.03722706e-03]
  [3.22981016e-03 3.16461226e-03 1.86299045e-02 2.00873141e-03]]]
state : 12
eta : 1
pi2 : [[[0.95830307 0.00207848 0.0039826  0.00381174]
  [0.02290077 0.00141717 0.0023563  0.00514986]]

 [[0.08808696 0.06813458 0.07298966 0.05080723]
  [0.62698541 0.05059634 0.01243844 0.02996137]]]
state : 12
eta : 5
pi2 : [[[0.95830307 0.00207848 0.0039826  0.00381174]
  [0.02290077 0.00141717 0.0023563  0.00514986]]

 [[0.08808696 0.06813458 0.07298966 0.05080723]
  [0.62698541 0.05059634 0.01243844 0.02996137]]]
state : 13
eta : 1
pi2 : [[[0.140527 0.140527 0.078419 0.140527]
  [0.140527 0.140527 0.078419 0.140527]]

 [[0.140527 0.140527 0.078419 0.140527]
  [0.140527 0.140527 0.078419 0.140527]]]
state : 13
eta : 5
pi2 : [[[0.140527 0.140527 0.078419 0.140527]
  [0.140527 0.140527 0.078419 0.140527]]

 [[0.140527 0.140527 0.078419 0.140527]
  [0.140527 0.140527 0.078419 0.140527]]]
state : 14
eta : 1
pi2 : [[[0.140527 0.140527 0.078419 0.140527]
  [0.140527 0.140527 0.078419 0.140527]]

 [[0.140527 0.140527 0.078419 0.140527]
  [0.140527 0.140527 0.078419 0.140527]]]
state : 14
eta : 5
pi2 : [[[0.140527 0.140527 0.078419 0.140527]
  [0.140527 0.140527 0.078419 0.140527]]

 [[0.140527 0.140527 0.078419 0.140527]
  [0.140527 0.140527 0.078419 0.140527]]]
state : 15
eta : 1
pi2 : [[[0.16045851 0.08954149 0.08954149 0.16045851]
  [0.16045851 0.08954149 0.08954149 0.16045851]]

 [[0.16045851 0.08954149 0.08954149 0.16045851]
  [0.16045851 0.08954149 0.08954149 0.16045851]]]
state : 15
eta : 5
pi2 : [[[0.16045851 0.08954149 0.08954149 0.16045851]
  [0.16045851 0.08954149 0.08954149 0.16045851]]

 [[0.16045851 0.08954149 0.08954149 0.16045851]
  [0.16045851 0.08954149 0.08954149 0.16045851]]]
