state : 0
eta : 1
pi2 : [[[0.08302435 0.21959093 0.1394717  0.06614475]
  [0.0660613  0.12505622 0.24217029 0.05848045]]

 [[0.07081475 0.35525601 0.05943494 0.06169073]
  [0.1059752  0.09734272 0.1001802  0.14930545]]]
state : 0
eta : 5
pi2 : [[[0.08302435 0.21959093 0.1394717  0.06614475]
  [0.0660613  0.12505622 0.24217029 0.05848045]]

 [[0.07081475 0.35525601 0.05943494 0.06169073]
  [0.1059752  0.09734272 0.1001802  0.14930545]]]
state : 1
eta : 1
pi2 : [[[0.02598313 0.29127939 0.05279931 0.07279718]
  [0.03390663 0.2977195  0.17268437 0.05283048]]

 [[0.05175645 0.1057137  0.28148921 0.03400474]
  [0.05234094 0.2491729  0.12465921 0.10086288]]]
state : 1
eta : 5
pi2 : [[[0.02598313 0.29127939 0.05279931 0.07279718]
  [0.03390663 0.2977195  0.17268437 0.05283048]]

 [[0.05175645 0.1057137  0.28148921 0.03400474]
  [0.05234094 0.2491729  0.12465921 0.10086288]]]
state : 2
eta : 1
pi2 : [[[0.04914714 0.03890953 0.38712043 0.13937252]
  [0.03171186 0.08968416 0.17565186 0.0884025 ]]

 [[0.0272093  0.14958652 0.07865535 0.04710965]
  [0.04438244 0.09234857 0.51564933 0.04505885]]]
state : 2
eta : 5
pi2 : [[[0.04914714 0.03890953 0.38712043 0.13937252]
  [0.03171186 0.08968416 0.17565186 0.0884025 ]]

 [[0.0272093  0.14958652 0.07865535 0.04710965]
  [0.04438244 0.09234857 0.51564933 0.04505885]]]
state : 3
eta : 1
pi2 : [[[0.03611573 0.01939128 0.49416703 0.03600139]
  [0.04508241 0.03456553 0.20016615 0.13451049]]

 [[0.18424551 0.06972898 0.23701327 0.07723325]
  [0.07586867 0.06691218 0.19609246 0.09290569]]]
state : 3
eta : 5
pi2 : [[[0.03611573 0.01939128 0.49416703 0.03600139]
  [0.04508241 0.03456553 0.20016615 0.13451049]]

 [[0.18424551 0.06972898 0.23701327 0.07723325]
  [0.07586867 0.06691218 0.19609246 0.09290569]]]
state : 4
eta : 1
pi2 : [[[0.00313876 0.97500941 0.00485467 0.00248426]
  [0.00230188 0.00711758 0.00322128 0.00187214]]

 [[0.02504651 0.5766474  0.08961627 0.06305185]
  [0.03864156 0.12324872 0.0389226  0.04482508]]]
state : 4
eta : 5
pi2 : [[[0.00313876 0.97500941 0.00485467 0.00248426]
  [0.00230188 0.00711758 0.00322128 0.00187214]]

 [[0.02504651 0.5766474  0.08961627 0.06305185]
  [0.03864156 0.12324872 0.0389226  0.04482508]]]
state : 5
eta : 1
pi2 : [[[0.00466283 0.03078152 0.00437868 0.01153077]
  [0.00444139 0.93507948 0.0045093  0.00461603]]

 [[0.01069295 0.89832609 0.01798656 0.00793956]
  [0.01300944 0.01948016 0.01886903 0.01369621]]]
state : 5
eta : 5
pi2 : [[[0.00466283 0.03078152 0.00437868 0.01153077]
  [0.00444139 0.93507948 0.0045093  0.00461603]]

 [[0.01069295 0.89832609 0.01798656 0.00793956]
  [0.01300944 0.01948016 0.01886903 0.01369621]]]
state : 6
eta : 1
pi2 : [[[0.02674869 0.53921049 0.02072052 0.02097831]
  [0.02405776 0.32404848 0.01741196 0.02682379]]

 [[0.00401292 0.96847074 0.0028906  0.0032882 ]
  [0.00327558 0.01119738 0.00367059 0.00319399]]]
state : 6
eta : 5
pi2 : [[[0.02674869 0.53921049 0.02072052 0.02097831]
  [0.02405776 0.32404848 0.01741196 0.02682379]]

 [[0.00401292 0.96847074 0.0028906  0.0032882 ]
  [0.00327558 0.01119738 0.00367059 0.00319399]]]
state : 7
eta : 1
pi2 : [[[1.28926643e-03 1.21954072e-03 9.82333550e-01 1.23975055e-03]
  [1.56505595e-03 9.31859333e-04 9.29852696e-03 2.12244976e-03]]

 [[1.38504847e-02 1.50400517e-02 6.45184729e-02 9.72164261e-03]
  [1.20259371e-02 1.21164514e-02 8.62671145e-01 1.00558145e-02]]]
state : 7
eta : 5
pi2 : [[[1.28926643e-03 1.21954072e-03 9.82333550e-01 1.23975055e-03]
  [1.56505595e-03 9.31859333e-04 9.29852696e-03 2.12244976e-03]]

 [[1.38504847e-02 1.50400517e-02 6.45184729e-02 9.72164261e-03]
  [1.20259371e-02 1.21164514e-02 8.62671145e-01 1.00558145e-02]]]
state : 8
eta : 1
pi2 : [[[0.96643858 0.00330239 0.00277126 0.00140974]
  [0.00386417 0.01931216 0.00189345 0.00100825]]

 [[0.21866181 0.04597337 0.02258805 0.11056938]
  [0.13034446 0.42593014 0.0207147  0.02521809]]]
state : 8
eta : 5
pi2 : [[[0.96643858 0.00330239 0.00277126 0.00140974]
  [0.00386417 0.01931216 0.00189345 0.00100825]]

 [[0.21866181 0.04597337 0.02258805 0.11056938]
  [0.13034446 0.42593014 0.0207147  0.02521809]]]
state : 9
eta : 1
pi2 : [[[0.01848698 0.09699654 0.00721441 0.0399184 ]
  [0.063228   0.7362119  0.01027478 0.02766898]]

 [[0.01858123 0.01001381 0.0128541  0.02767492]
  [0.0639121  0.8481403  0.00642213 0.01240141]]]
state : 9
eta : 5
pi2 : [[[0.01848698 0.09699654 0.00721441 0.0399184 ]
  [0.063228   0.7362119  0.01027478 0.02766898]]

 [[0.01858123 0.01001381 0.0128541  0.02767492]
  [0.0639121  0.8481403  0.00642213 0.01240141]]]
state : 10
eta : 1
pi2 : [[[0.03252828 0.16585198 0.00998378 0.02358451]
  [0.05753113 0.6382275  0.01438243 0.05791039]]

 [[0.02205435 0.7385904  0.00935547 0.00835708]
  [0.01768007 0.18584232 0.00785064 0.01026967]]]
state : 10
eta : 5
pi2 : [[[0.03252828 0.16585198 0.00998378 0.02358451]
  [0.05753113 0.6382275  0.01438243 0.05791039]]

 [[0.02205435 0.7385904  0.00935547 0.00835708]
  [0.01768007 0.18584232 0.00785064 0.01026967]]]
state : 11
eta : 1
pi2 : [[[1.40127046e-03 5.95969934e-04 9.89474865e-01 6.43020870e-04]
  [9.28081598e-04 6.47326069e-04 5.61432330e-03 6.95142268e-04]]

 [[6.33921731e-03 6.92337592e-03 9.38045763e-01 2.58108395e-03]
  [4.69746341e-03 5.16832809e-03 3.21965266e-02 4.04824143e-03]]]
state : 11
eta : 5
pi2 : [[[1.40127046e-03 5.95969934e-04 9.89474865e-01 6.43020870e-04]
  [9.28081598e-04 6.47326069e-04 5.61432330e-03 6.95142268e-04]]

 [[6.33921731e-03 6.92337592e-03 9.38045763e-01 2.58108395e-03]
  [4.69746341e-03 5.16832809e-03 3.21965266e-02 4.04824143e-03]]]
state : 12
eta : 1
pi2 : [[[0.2128178  0.00447649 0.00569218 0.0188923 ]
  [0.73855348 0.00279804 0.00581343 0.01095629]]

 [[0.02191355 0.03117244 0.03882516 0.0297601 ]
  [0.66679522 0.06971147 0.03517318 0.10664888]]]
state : 12
eta : 5
pi2 : [[[0.2128178  0.00447649 0.00569218 0.0188923 ]
  [0.73855348 0.00279804 0.00581343 0.01095629]]

 [[0.02191355 0.03117244 0.03882516 0.0297601 ]
  [0.66679522 0.06971147 0.03517318 0.10664888]]]
state : 13
eta : 1
pi2 : [[[0.140527 0.140527 0.078419 0.140527]
  [0.140527 0.140527 0.078419 0.140527]]

 [[0.140527 0.140527 0.078419 0.140527]
  [0.140527 0.140527 0.078419 0.140527]]]
state : 13
eta : 5
pi2 : [[[0.140527 0.140527 0.078419 0.140527]
  [0.140527 0.140527 0.078419 0.140527]]

 [[0.140527 0.140527 0.078419 0.140527]
  [0.140527 0.140527 0.078419 0.140527]]]
state : 14
eta : 1
pi2 : [[[0.140527 0.140527 0.078419 0.140527]
  [0.140527 0.140527 0.078419 0.140527]]

 [[0.140527 0.140527 0.078419 0.140527]
  [0.140527 0.140527 0.078419 0.140527]]]
state : 14
eta : 5
pi2 : [[[0.140527 0.140527 0.078419 0.140527]
  [0.140527 0.140527 0.078419 0.140527]]

 [[0.140527 0.140527 0.078419 0.140527]
  [0.140527 0.140527 0.078419 0.140527]]]
state : 15
eta : 1
pi2 : [[[0.16045851 0.08954149 0.08954149 0.16045851]
  [0.16045851 0.08954149 0.08954149 0.16045851]]

 [[0.16045851 0.08954149 0.08954149 0.16045851]
  [0.16045851 0.08954149 0.08954149 0.16045851]]]
state : 15
eta : 5
pi2 : [[[0.16045851 0.08954149 0.08954149 0.16045851]
  [0.16045851 0.08954149 0.08954149 0.16045851]]

 [[0.16045851 0.08954149 0.08954149 0.16045851]
  [0.16045851 0.08954149 0.08954149 0.16045851]]]
