state : 0
eta : 1
pi2 : [[[0.01265428 0.15136224 0.05392133 0.03837471]
  [0.01289212 0.00979311 0.68206241 0.0389398 ]]

 [[0.0246995  0.21759382 0.13882746 0.0384816 ]
  [0.09567347 0.08294762 0.27212257 0.12965397]]]
state : 0
eta : 5
pi2 : [[[0.01265428 0.15136224 0.05392133 0.03837471]
  [0.01289212 0.00979311 0.68206241 0.0389398 ]]

 [[0.0246995  0.21759382 0.13882746 0.0384816 ]
  [0.09567347 0.08294762 0.27212257 0.12965397]]]
state : 1
eta : 1
pi2 : [[[0.00526059 0.43998281 0.00856942 0.07998587]
  [0.00969127 0.36707035 0.0579023  0.0315374 ]]

 [[0.02433168 0.02221644 0.08256467 0.74627516]
  [0.04562784 0.01920717 0.01058168 0.04919536]]]
state : 1
eta : 5
pi2 : [[[0.00526059 0.43998281 0.00856942 0.07998587]
  [0.00969127 0.36707035 0.0579023  0.0315374 ]]

 [[0.02433168 0.02221644 0.08256467 0.74627516]
  [0.04562784 0.01920717 0.01058168 0.04919536]]]
state : 2
eta : 1
pi2 : [[[0.01530381 0.0111591  0.12562098 0.0154982 ]
  [0.00642832 0.12577962 0.68305561 0.01715436]]

 [[0.04739545 0.0333461  0.53626545 0.08309321]
  [0.0484723  0.02468827 0.08062692 0.14611231]]]
state : 2
eta : 5
pi2 : [[[0.01530381 0.0111591  0.12562098 0.0154982 ]
  [0.00642832 0.12577962 0.68305561 0.01715436]]

 [[0.04739545 0.0333461  0.53626545 0.08309321]
  [0.0484723  0.02468827 0.08062692 0.14611231]]]
state : 3
eta : 1
pi2 : [[[0.09241213 0.07595949 0.26664221 0.21131539]
  [0.16829687 0.05636983 0.035771   0.09323308]]

 [[0.02815445 0.07493551 0.52504652 0.04562892]
  [0.0942729  0.11121178 0.04543101 0.07531891]]]
state : 3
eta : 5
pi2 : [[[0.09241213 0.07595949 0.26664221 0.21131539]
  [0.16829687 0.05636983 0.035771   0.09323308]]

 [[0.02815445 0.07493551 0.52504652 0.04562892]
  [0.0942729  0.11121178 0.04543101 0.07531891]]]
state : 4
eta : 1
pi2 : [[[1.98513645e-04 3.28501164e-04 1.93020234e-04 4.01208070e-04]
  [3.94897085e-04 9.97824739e-01 3.43829278e-04 3.15291612e-04]]

 [[1.11712746e-02 1.59077221e-02 4.32647912e-03 2.26136902e-02]
  [8.05989343e-03 8.99874016e-01 2.07006003e-02 1.73463243e-02]]]
state : 4
eta : 5
pi2 : [[[1.98513645e-04 3.28501164e-04 1.93020234e-04 4.01208070e-04]
  [3.94897085e-04 9.97824739e-01 3.43829278e-04 3.15291612e-04]]

 [[1.11712746e-02 1.59077221e-02 4.32647912e-03 2.26136902e-02]
  [8.05989343e-03 8.99874016e-01 2.07006003e-02 1.73463243e-02]]]
state : 5
eta : 1
pi2 : [[[2.09454127e-01 1.02447152e-01 8.10653260e-02 1.36045818e-01]
  [1.79027004e-01 2.03637277e-01 3.76514441e-02 5.06718530e-02]]

 [[5.36867013e-04 4.30806230e-04 2.03272815e-04 1.09518110e-03]
  [2.85784635e-04 9.97160838e-01 1.63357086e-04 1.23893008e-04]]]
state : 5
eta : 5
pi2 : [[[2.09454127e-01 1.02447152e-01 8.10653260e-02 1.36045818e-01]
  [1.79027004e-01 2.03637277e-01 3.76514441e-02 5.06718530e-02]]

 [[5.36867013e-04 4.30806230e-04 2.03272815e-04 1.09518110e-03]
  [2.85784635e-04 9.97160838e-01 1.63357086e-04 1.23893008e-04]]]
state : 6
eta : 1
pi2 : [[[8.25210393e-03 1.40333844e-02 1.21675277e-02 1.37611650e-02]
  [2.08620614e-02 8.77036835e-01 1.83585733e-02 3.55283496e-02]]

 [[2.75070505e-04 2.83595442e-03 1.40172261e-04 1.07386352e-04]
  [2.44500017e-04 9.96083342e-01 1.15702796e-04 1.97871658e-04]]]
state : 6
eta : 5
pi2 : [[[8.25210393e-03 1.40333844e-02 1.21675277e-02 1.37611650e-02]
  [2.08620614e-02 8.77036835e-01 1.83585733e-02 3.55283496e-02]]

 [[2.75070505e-04 2.83595442e-03 1.40172261e-04 1.07386352e-04]
  [2.44500017e-04 9.96083342e-01 1.15702796e-04 1.97871658e-04]]]
state : 7
eta : 1
pi2 : [[[4.55879107e-03 2.78560111e-02 2.69832336e-01 3.11948218e-02]
  [1.58269341e-02 2.89318453e-02 6.07254504e-01 1.45447561e-02]]

 [[1.80423034e-04 1.90509173e-04 9.98705883e-01 1.17511826e-04]
  [2.25400051e-04 1.90285330e-04 1.65464283e-04 2.24523577e-04]]]
state : 7
eta : 5
pi2 : [[[4.55879107e-03 2.78560111e-02 2.69832336e-01 3.11948218e-02]
  [1.58269341e-02 2.89318453e-02 6.07254504e-01 1.45447561e-02]]

 [[1.80423034e-04 1.90509173e-04 9.98705883e-01 1.17511826e-04]
  [2.25400051e-04 1.90285330e-04 1.65464283e-04 2.24523577e-04]]]
state : 8
eta : 1
pi2 : [[[1.18507679e-02 5.83566914e-03 3.60834423e-03 2.02640630e-02]
  [1.59238119e-02 9.20460003e-01 1.94479433e-03 2.01125466e-02]]

 [[9.89071398e-01 2.92166965e-04 2.59921805e-04 1.09671314e-04]
  [8.78000113e-03 4.26024814e-04 1.86292770e-04 8.74523145e-04]]]
state : 8
eta : 5
pi2 : [[[1.18507679e-02 5.83566914e-03 3.60834423e-03 2.02640630e-02]
  [1.59238119e-02 9.20460003e-01 1.94479433e-03 2.01125466e-02]]

 [[9.89071398e-01 2.92166965e-04 2.59921805e-04 1.09671314e-04]
  [8.78000113e-03 4.26024814e-04 1.86292770e-04 8.74523145e-04]]]
state : 9
eta : 1
pi2 : [[[6.89389008e-02 1.49323972e-02 1.83705292e-02 1.75918363e-02]
  [5.99681428e-02 4.30009354e-02 6.89223656e-02 7.08274893e-01]]

 [[3.68218004e-03 7.03571199e-03 3.97699353e-03 2.00501056e-03]
  [4.56631955e-04 9.79063936e-01 5.22240956e-04 3.25729527e-03]]]
state : 9
eta : 5
pi2 : [[[6.89389008e-02 1.49323972e-02 1.83705292e-02 1.75918363e-02]
  [5.99681428e-02 4.30009354e-02 6.89223656e-02 7.08274893e-01]]

 [[3.68218004e-03 7.03571199e-03 3.97699353e-03 2.00501056e-03]
  [4.56631955e-04 9.79063936e-01 5.22240956e-04 3.25729527e-03]]]
state : 10
eta : 1
pi2 : [[[0.0839598  0.14374609 0.06061686 0.04996612]
  [0.45286838 0.15088578 0.02639943 0.03155754]]

 [[0.07953975 0.12593732 0.00269229 0.01198595]
  [0.01094359 0.69867702 0.02509388 0.04513021]]]
state : 10
eta : 5
pi2 : [[[0.0839598  0.14374609 0.06061686 0.04996612]
  [0.45286838 0.15088578 0.02639943 0.03155754]]

 [[0.07953975 0.12593732 0.00269229 0.01198595]
  [0.01094359 0.69867702 0.02509388 0.04513021]]]
state : 11
eta : 1
pi2 : [[[4.44376667e-04 4.85987543e-04 4.98904251e-01 1.22490682e-04]
  [5.46166651e-04 4.64906978e-04 4.98904251e-01 1.27568483e-04]]

 [[2.54508633e-02 2.46935828e-02 4.35297390e-01 9.91195359e-03]
  [3.65995305e-02 2.34021177e-02 4.35297390e-01 9.34717253e-03]]]
state : 11
eta : 5
pi2 : [[[4.44376667e-04 4.85987543e-04 4.98904251e-01 1.22490682e-04]
  [5.46166651e-04 4.64906978e-04 4.98904251e-01 1.27568483e-04]]

 [[2.54508633e-02 2.46935828e-02 4.35297390e-01 9.91195359e-03]
  [3.65995305e-02 2.34021177e-02 4.35297390e-01 9.34717253e-03]]]
state : 12
eta : 1
pi2 : [[[8.55510404e-01 1.98350167e-04 8.66374960e-02 2.41777282e-03]
  [2.57882210e-02 2.94631232e-04 2.22508344e-02 6.90229033e-03]]

 [[9.76573469e-05 7.77117382e-04 1.85674855e-04 2.86819884e-05]
  [9.98368820e-01 1.07697751e-05 4.84510192e-04 4.67681595e-05]]]
state : 12
eta : 5
pi2 : [[[8.55510404e-01 1.98350167e-04 8.66374960e-02 2.41777282e-03]
  [2.57882210e-02 2.94631232e-04 2.22508344e-02 6.90229033e-03]]

 [[9.76573469e-05 7.77117382e-04 1.85674855e-04 2.86819884e-05]
  [9.98368820e-01 1.07697751e-05 4.84510192e-04 4.67681595e-05]]]
state : 13
eta : 1
pi2 : [[[0.140527 0.140527 0.078419 0.140527]
  [0.140527 0.140527 0.078419 0.140527]]

 [[0.140527 0.140527 0.078419 0.140527]
  [0.140527 0.140527 0.078419 0.140527]]]
state : 13
eta : 5
pi2 : [[[0.140527 0.140527 0.078419 0.140527]
  [0.140527 0.140527 0.078419 0.140527]]

 [[0.140527 0.140527 0.078419 0.140527]
  [0.140527 0.140527 0.078419 0.140527]]]
state : 14
eta : 1
pi2 : [[[0.140527 0.140527 0.078419 0.140527]
  [0.140527 0.140527 0.078419 0.140527]]

 [[0.140527 0.140527 0.078419 0.140527]
  [0.140527 0.140527 0.078419 0.140527]]]
state : 14
eta : 5
pi2 : [[[0.140527 0.140527 0.078419 0.140527]
  [0.140527 0.140527 0.078419 0.140527]]

 [[0.140527 0.140527 0.078419 0.140527]
  [0.140527 0.140527 0.078419 0.140527]]]
state : 15
eta : 1
pi2 : [[[0.16045851 0.08954149 0.08954149 0.16045851]
  [0.16045851 0.08954149 0.08954149 0.16045851]]

 [[0.16045851 0.08954149 0.08954149 0.16045851]
  [0.16045851 0.08954149 0.08954149 0.16045851]]]
state : 15
eta : 5
pi2 : [[[0.16045851 0.08954149 0.08954149 0.16045851]
  [0.16045851 0.08954149 0.08954149 0.16045851]]

 [[0.16045851 0.08954149 0.08954149 0.16045851]
  [0.16045851 0.08954149 0.08954149 0.16045851]]]
