state : 0
eta : 1
pi2 : [[[0.03019119 0.66684693 0.06084259 0.02111389]
  [0.02421676 0.06642481 0.10177085 0.02859298]]

 [[0.03252871 0.11663481 0.50019113 0.04714973]
  [0.05340413 0.11817425 0.08679854 0.04511869]]]
state : 0
eta : 5
pi2 : [[[0.03019119 0.66684693 0.06084259 0.02111389]
  [0.02421676 0.06642481 0.10177085 0.02859298]]

 [[0.03252871 0.11663481 0.50019113 0.04714973]
  [0.05340413 0.11817425 0.08679854 0.04511869]]]
state : 1
eta : 1
pi2 : [[[0.02431863 0.49964179 0.0749181  0.02840259]
  [0.02676687 0.29914254 0.01266564 0.03414384]]

 [[0.05606676 0.11746518 0.30260707 0.07042648]
  [0.03517142 0.19652487 0.05586546 0.16587277]]]
state : 1
eta : 5
pi2 : [[[0.02431863 0.49964179 0.0749181  0.02840259]
  [0.02676687 0.29914254 0.01266564 0.03414384]]

 [[0.05606676 0.11746518 0.30260707 0.07042648]
  [0.03517142 0.19652487 0.05586546 0.16587277]]]
state : 2
eta : 1
pi2 : [[[0.04118788 0.2539751  0.17944927 0.08791915]
  [0.08749813 0.16987177 0.1248538  0.05524491]]

 [[0.04708606 0.21390794 0.22449195 0.06516465]
  [0.06946887 0.28225709 0.05779345 0.03983   ]]]
state : 2
eta : 5
pi2 : [[[0.04118788 0.2539751  0.17944927 0.08791915]
  [0.08749813 0.16987177 0.1248538  0.05524491]]

 [[0.04708606 0.21390794 0.22449195 0.06516465]
  [0.06946887 0.28225709 0.05779345 0.03983   ]]]
state : 3
eta : 1
pi2 : [[[0.02657328 0.04718078 0.24449329 0.07423378]
  [0.04503424 0.05371466 0.45832215 0.05044781]]

 [[0.06135796 0.04802835 0.26000486 0.04074516]
  [0.05260737 0.0418189  0.4447791  0.05065829]]]
state : 3
eta : 5
pi2 : [[[0.02657328 0.04718078 0.24449329 0.07423378]
  [0.04503424 0.05371466 0.45832215 0.05044781]]

 [[0.06135796 0.04802835 0.26000486 0.04074516]
  [0.05260737 0.0418189  0.4447791  0.05065829]]]
state : 4
eta : 1
pi2 : [[[0.00345535 0.01611    0.00226542 0.0016027 ]
  [0.00312217 0.97058558 0.0010263  0.00183247]]

 [[0.13890272 0.39306433 0.07169054 0.04935686]
  [0.13978436 0.11856262 0.0555431  0.03309547]]]
state : 4
eta : 5
pi2 : [[[0.00345535 0.01611    0.00226542 0.0016027 ]
  [0.00312217 0.97058558 0.0010263  0.00183247]]

 [[0.13890272 0.39306433 0.07169054 0.04935686]
  [0.13978436 0.11856262 0.0555431  0.03309547]]]
state : 5
eta : 1
pi2 : [[[0.01120379 0.91633284 0.01085759 0.00939574]
  [0.00917802 0.02578986 0.00828203 0.00896012]]

 [[0.00159974 0.00581494 0.00108695 0.00317441]
  [0.00175036 0.98317488 0.00163849 0.00176022]]]
state : 5
eta : 5
pi2 : [[[0.01120379 0.91633284 0.01085759 0.00939574]
  [0.00917802 0.02578986 0.00828203 0.00896012]]

 [[0.00159974 0.00581494 0.00108695 0.00317441]
  [0.00175036 0.98317488 0.00163849 0.00176022]]]
state : 6
eta : 1
pi2 : [[[0.01129624 0.10898532 0.00621324 0.01651546]
  [0.02007735 0.82201017 0.00636172 0.00854049]]

 [[0.00245548 0.00799122 0.00146216 0.00268103]
  [0.00139701 0.98008115 0.00149189 0.00244008]]]
state : 6
eta : 5
pi2 : [[[0.01129624 0.10898532 0.00621324 0.01651546]
  [0.02007735 0.82201017 0.00636172 0.00854049]]

 [[0.00245548 0.00799122 0.00146216 0.00268103]
  [0.00139701 0.98008115 0.00149189 0.00244008]]]
state : 7
eta : 1
pi2 : [[[0.02114787 0.01938608 0.78526666 0.03459543]
  [0.02471634 0.03071442 0.0592656  0.02490759]]

 [[0.0010697  0.00141324 0.98635634 0.00135353]
  [0.00127923 0.00164633 0.00518992 0.0016917 ]]]
state : 7
eta : 5
pi2 : [[[0.02114787 0.01938608 0.78526666 0.03459543]
  [0.02471634 0.03071442 0.0592656  0.02490759]]

 [[0.0010697  0.00141324 0.98635634 0.00135353]
  [0.00127923 0.00164633 0.00518992 0.0016917 ]]]
state : 8
eta : 1
pi2 : [[[0.95624879 0.00434964 0.00479858 0.00941216]
  [0.01065016 0.00507006 0.00638706 0.00308355]]

 [[0.97166812 0.00257347 0.0043675  0.00275852]
  [0.00954397 0.00198606 0.00270986 0.00439251]]]
state : 8
eta : 5
pi2 : [[[0.95624879 0.00434964 0.00479858 0.00941216]
  [0.01065016 0.00507006 0.00638706 0.00308355]]

 [[0.97166812 0.00257347 0.0043675  0.00275852]
  [0.00954397 0.00198606 0.00270986 0.00439251]]]
state : 9
eta : 1
pi2 : [[[0.17708824 0.07341363 0.04734912 0.2420744 ]
  [0.08317087 0.10705096 0.13432616 0.13552662]]

 [[0.5787893  0.03135835 0.05748585 0.08528691]
  [0.03948172 0.07339172 0.06163907 0.07256709]]]
state : 9
eta : 5
pi2 : [[[0.17708824 0.07341363 0.04734912 0.2420744 ]
  [0.08317087 0.10705096 0.13432616 0.13552662]]

 [[0.5787893  0.03135835 0.05748585 0.08528691]
  [0.03948172 0.07339172 0.06163907 0.07256709]]]
state : 10
eta : 1
pi2 : [[[0.09972546 0.36837482 0.06471298 0.08468341]
  [0.13042781 0.13816995 0.05940444 0.05450113]]

 [[0.13003162 0.36127414 0.05986574 0.04073315]
  [0.05992776 0.1941099  0.05750461 0.09655308]]]
state : 10
eta : 5
pi2 : [[[0.09972546 0.36837482 0.06471298 0.08468341]
  [0.13042781 0.13816995 0.05940444 0.05450113]]

 [[0.13003162 0.36127414 0.05986574 0.04073315]
  [0.05992776 0.1941099  0.05750461 0.09655308]]]
state : 11
eta : 1
pi2 : [[[0.00207781 0.0026352  0.49481363 0.00072415]
  [0.00230654 0.00189669 0.49481363 0.00073235]]

 [[0.03034568 0.03472744 0.41719814 0.01920863]
  [0.0337567  0.02737786 0.41719814 0.02018742]]]
state : 11
eta : 5
pi2 : [[[0.00207781 0.0026352  0.49481363 0.00072415]
  [0.00230654 0.00189669 0.49481363 0.00073235]]

 [[0.03034568 0.03472744 0.41719814 0.01920863]
  [0.0337567  0.02737786 0.41719814 0.02018742]]]
state : 12
eta : 1
pi2 : [[[0.01209364 0.00418944 0.00523424 0.00713652]
  [0.95705443 0.00460342 0.00341734 0.00627096]]

 [[0.88520519 0.00811031 0.00997194 0.02176544]
  [0.02015192 0.01019977 0.02154564 0.02304979]]]
state : 12
eta : 5
pi2 : [[[0.01209364 0.00418944 0.00523424 0.00713652]
  [0.95705443 0.00460342 0.00341734 0.00627096]]

 [[0.88520519 0.00811031 0.00997194 0.02176544]
  [0.02015192 0.01019977 0.02154564 0.02304979]]]
state : 13
eta : 1
pi2 : [[[0.140527 0.140527 0.078419 0.140527]
  [0.140527 0.140527 0.078419 0.140527]]

 [[0.140527 0.140527 0.078419 0.140527]
  [0.140527 0.140527 0.078419 0.140527]]]
state : 13
eta : 5
pi2 : [[[0.140527 0.140527 0.078419 0.140527]
  [0.140527 0.140527 0.078419 0.140527]]

 [[0.140527 0.140527 0.078419 0.140527]
  [0.140527 0.140527 0.078419 0.140527]]]
state : 14
eta : 1
pi2 : [[[0.140527 0.140527 0.078419 0.140527]
  [0.140527 0.140527 0.078419 0.140527]]

 [[0.140527 0.140527 0.078419 0.140527]
  [0.140527 0.140527 0.078419 0.140527]]]
state : 14
eta : 5
pi2 : [[[0.140527 0.140527 0.078419 0.140527]
  [0.140527 0.140527 0.078419 0.140527]]

 [[0.140527 0.140527 0.078419 0.140527]
  [0.140527 0.140527 0.078419 0.140527]]]
state : 15
eta : 1
pi2 : [[[0.16045851 0.08954149 0.08954149 0.16045851]
  [0.16045851 0.08954149 0.08954149 0.16045851]]

 [[0.16045851 0.08954149 0.08954149 0.16045851]
  [0.16045851 0.08954149 0.08954149 0.16045851]]]
state : 15
eta : 5
pi2 : [[[0.16045851 0.08954149 0.08954149 0.16045851]
  [0.16045851 0.08954149 0.08954149 0.16045851]]

 [[0.16045851 0.08954149 0.08954149 0.16045851]
  [0.16045851 0.08954149 0.08954149 0.16045851]]]
