state : 0
eta : 1
pi2 : [[[0.1358224  0.11127256 0.13508412 0.13587009]
  [0.10641494 0.13589783 0.10375108 0.13588698]]

 [[0.14311217 0.14188761 0.13758359 0.11556241]
  [0.08724836 0.14312901 0.08837326 0.14310358]]]
state : 0
eta : 50
pi2 : [[[0.1358224  0.11127256 0.13508412 0.13587009]
  [0.10641494 0.13589783 0.10375108 0.13588698]]

 [[0.14311217 0.14188761 0.13758359 0.11556241]
  [0.08724836 0.14312901 0.08837326 0.14310358]]]
state : 1
eta : 1
pi2 : [[[0.13475021 0.13475013 0.10547656 0.13472506]
  [0.11387859 0.13474258 0.10693704 0.13473984]]

 [[0.13528352 0.13511264 0.09262146 0.13527906]
  [0.1353043  0.13530427 0.09769841 0.13339634]]]
state : 1
eta : 50
pi2 : [[[0.13475021 0.13475013 0.10547656 0.13472506]
  [0.11387859 0.13474258 0.10693704 0.13473984]]

 [[0.13528352 0.13511264 0.09262146 0.13527906]
  [0.1353043  0.13530427 0.09769841 0.13339634]]]
state : 2
eta : 1
pi2 : [[[0.14017344 0.1338994  0.09727687 0.13125879]
  [0.12900163 0.11602608 0.11716445 0.13519935]]

 [[0.12094043 0.12024809 0.12066931 0.12828576]
  [0.12826833 0.12824077 0.12505929 0.12828802]]]
state : 2
eta : 50
pi2 : [[[0.14017344 0.1338994  0.09727687 0.13125879]
  [0.12900163 0.11602608 0.11716445 0.13519935]]

 [[0.12094043 0.12024809 0.12066931 0.12828576]
  [0.12826833 0.12824077 0.12505929 0.12828802]]]
state : 3
eta : 1
pi2 : [[[0.1170193  0.13531395 0.12811928 0.13728612]
  [0.12760443 0.10940755 0.11035374 0.13489563]]

 [[0.13711518 0.12331859 0.14593671 0.11353031]
  [0.07687275 0.14087663 0.12237992 0.1399699 ]]]
state : 3
eta : 50
pi2 : [[[0.1170193  0.13531395 0.12811928 0.13728612]
  [0.12760443 0.10940755 0.11035374 0.13489563]]

 [[0.13711518 0.12331859 0.14593671 0.11353031]
  [0.07687275 0.14087663 0.12237992 0.1399699 ]]]
state : 4
eta : 1
pi2 : [[[0.10409557 0.13670253 0.13587361 0.10343431]
  [0.13203972 0.13212082 0.11900696 0.1367265 ]]

 [[0.11531834 0.11755328 0.14773843 0.14769308]
  [0.09238892 0.12824423 0.13789332 0.11317039]]]
state : 4
eta : 50
pi2 : [[[0.10409557 0.13670253 0.13587361 0.10343431]
  [0.13203972 0.13212082 0.11900696 0.1367265 ]]

 [[0.11531834 0.11755328 0.14773843 0.14769308]
  [0.09238892 0.12824423 0.13789332 0.11317039]]]
state : 5
eta : 1
pi2 : [[[0.10226737 0.15289811 0.15008397 0.15269393]
  [0.09035491 0.09766526 0.14869889 0.10533756]]

 [[0.14137424 0.09994961 0.11513746 0.1017609 ]
  [0.14148428 0.12197977 0.14146431 0.13684944]]]
state : 5
eta : 50
pi2 : [[[0.10226737 0.15289811 0.15008397 0.15269393]
  [0.09035491 0.09766526 0.14869889 0.10533756]]

 [[0.14137424 0.09994961 0.11513746 0.1017609 ]
  [0.14148428 0.12197977 0.14146431 0.13684944]]]
state : 6
eta : 1
pi2 : [[[0.0810836  0.15141321 0.1102109  0.14355344]
  [0.1398861  0.13249303 0.10870127 0.13265845]]

 [[0.15258218 0.12625697 0.10053143 0.10087546]
  [0.14897799 0.1047108  0.14085478 0.1252104 ]]]
state : 6
eta : 50
pi2 : [[[0.0810836  0.15141321 0.1102109  0.14355344]
  [0.1398861  0.13249303 0.10870127 0.13265845]]

 [[0.15258218 0.12625697 0.10053143 0.10087546]
  [0.14897799 0.1047108  0.14085478 0.1252104 ]]]
state : 7
eta : 1
pi2 : [[[0.10235962 0.1468136  0.12193073 0.10372815]
  [0.14505043 0.1094541  0.14796329 0.12270008]]

 [[0.14543459 0.08919848 0.14772813 0.14297958]
  [0.11578369 0.13826788 0.14055552 0.08005211]]]
state : 7
eta : 50
pi2 : [[[0.10235962 0.1468136  0.12193073 0.10372815]
  [0.14505043 0.1094541  0.14796329 0.12270008]]

 [[0.14543459 0.08919848 0.14772813 0.14297958]
  [0.11578369 0.13826788 0.14055552 0.08005211]]]
state : 8
eta : 1
pi2 : [[[0.12902189 0.12903512 0.10023385 0.12904342]
  [0.12904122 0.12553888 0.12904272 0.12904289]]

 [[0.11765425 0.122786   0.13027773 0.11053103]
  [0.13098946 0.11825261 0.13477186 0.13473705]]]
state : 8
eta : 50
pi2 : [[[0.12902189 0.12903512 0.10023385 0.12904342]
  [0.12904122 0.12553888 0.12904272 0.12904289]]

 [[0.11765425 0.122786   0.13027773 0.11053103]
  [0.13098946 0.11825261 0.13477186 0.13473705]]]
state : 9
eta : 1
pi2 : [[[0.10278365 0.1418693  0.12652298 0.14191421]
  [0.14183721 0.10306301 0.12919801 0.11281163]]

 [[0.11033452 0.13107098 0.10302993 0.13486499]
  [0.13907543 0.13802789 0.13912885 0.10446741]]]
state : 9
eta : 50
pi2 : [[[0.10278365 0.1418693  0.12652298 0.14191421]
  [0.14183721 0.10306301 0.12919801 0.11281163]]

 [[0.11033452 0.13107098 0.10302993 0.13486499]
  [0.13907543 0.13802789 0.13912885 0.10446741]]]
state : 10
eta : 1
pi2 : [[[0.10612135 0.10763757 0.1363508  0.10513505]
  [0.14788397 0.1477352  0.14785496 0.10128109]]

 [[0.14900054 0.12978571 0.14838548 0.10361118]
  [0.14909034 0.08914083 0.1233301  0.10765582]]]
state : 10
eta : 50
pi2 : [[[0.10612135 0.10763757 0.1363508  0.10513505]
  [0.14788397 0.1477352  0.14785496 0.10128109]]

 [[0.14900054 0.12978571 0.14838548 0.10361118]
  [0.14909034 0.08914083 0.1233301  0.10765582]]]
state : 11
eta : 1
pi2 : [[[0.10649775 0.14754746 0.15377396 0.13693601]
  [0.08720487 0.10407454 0.15377396 0.11019145]]

 [[0.12056548 0.10859099 0.14432984 0.08545499]
  [0.13457526 0.1178241  0.14432984 0.1443295 ]]]
state : 11
eta : 50
pi2 : [[[0.10649775 0.14754746 0.15377396 0.13693601]
  [0.08720487 0.10407454 0.15377396 0.11019145]]

 [[0.12056548 0.10859099 0.14432984 0.08545499]
  [0.13457526 0.1178241  0.14432984 0.1443295 ]]]
state : 12
eta : 1
pi2 : [[[0.12550131 0.10792188 0.12604641 0.12567757]
  [0.13116192 0.12902308 0.12878637 0.12588147]]

 [[0.12374421 0.12585347 0.12113802 0.12585258]
  [0.12585269 0.12585328 0.12585277 0.12585299]]]
state : 12
eta : 50
pi2 : [[[0.12550131 0.10792188 0.12604641 0.12567757]
  [0.13116192 0.12902308 0.12878637 0.12588147]]

 [[0.12374421 0.12585347 0.12113802 0.12585258]
  [0.12585269 0.12585328 0.12585277 0.12585299]]]
state : 13
eta : 1
pi2 : [[[0.125 0.125 0.125 0.125]
  [0.125 0.125 0.125 0.125]]

 [[0.125 0.125 0.125 0.125]
  [0.125 0.125 0.125 0.125]]]
state : 13
eta : 50
pi2 : [[[0.125 0.125 0.125 0.125]
  [0.125 0.125 0.125 0.125]]

 [[0.125 0.125 0.125 0.125]
  [0.125 0.125 0.125 0.125]]]
state : 14
eta : 1
pi2 : [[[0.125 0.125 0.125 0.125]
  [0.125 0.125 0.125 0.125]]

 [[0.125 0.125 0.125 0.125]
  [0.125 0.125 0.125 0.125]]]
state : 14
eta : 50
pi2 : [[[0.125 0.125 0.125 0.125]
  [0.125 0.125 0.125 0.125]]

 [[0.125 0.125 0.125 0.125]
  [0.125 0.125 0.125 0.125]]]
state : 15
eta : 1
pi2 : [[[0.125 0.125 0.125 0.125]
  [0.125 0.125 0.125 0.125]]

 [[0.125 0.125 0.125 0.125]
  [0.125 0.125 0.125 0.125]]]
state : 15
eta : 50
pi2 : [[[0.125 0.125 0.125 0.125]
  [0.125 0.125 0.125 0.125]]

 [[0.125 0.125 0.125 0.125]
  [0.125 0.125 0.125 0.125]]]
