state : 0
eta : 1
pi2 : [[[0.09659468 0.14583793 0.15628117 0.08307817]
  [0.08999689 0.16437015 0.17782152 0.08601948]]

 [[0.07860416 0.17062722 0.15788693 0.09168326]
  [0.0855531  0.1525248  0.16538389 0.09773664]]]
state : 0
eta : 5
pi2 : [[[0.09659468 0.14583793 0.15628117 0.08307817]
  [0.08999689 0.16437015 0.17782152 0.08601948]]

 [[0.07860416 0.17062722 0.15788693 0.09168326]
  [0.0855531  0.1525248  0.16538389 0.09773664]]]
state : 1
eta : 1
pi2 : [[[0.07836397 0.14105966 0.14097948 0.13911928]
  [0.08029687 0.14453824 0.14030997 0.13533254]]

 [[0.08173944 0.14124663 0.14787475 0.14216938]
  [0.08233737 0.14845637 0.11657897 0.13959709]]]
state : 1
eta : 5
pi2 : [[[0.07836397 0.14105966 0.14097948 0.13911928]
  [0.08029687 0.14453824 0.14030997 0.13533254]]

 [[0.08173944 0.14124663 0.14787475 0.14216938]
  [0.08233737 0.14845637 0.11657897 0.13959709]]]
state : 2
eta : 1
pi2 : [[[0.07526499 0.13797861 0.1534889  0.14519003]
  [0.07903979 0.13639424 0.13866537 0.13397807]]

 [[0.07851196 0.13425225 0.14075114 0.14605563]
  [0.07832689 0.15155634 0.1369803  0.13356549]]]
state : 2
eta : 5
pi2 : [[[0.07526499 0.13797861 0.1534889  0.14519003]
  [0.07903979 0.13639424 0.13866537 0.13397807]]

 [[0.07851196 0.13425225 0.14075114 0.14605563]
  [0.07832689 0.15155634 0.1369803  0.13356549]]]
state : 3
eta : 1
pi2 : [[[0.08748308 0.090362   0.17640096 0.16079811]
  [0.08998947 0.08748759 0.13681378 0.17066502]]

 [[0.09287444 0.08415054 0.15655987 0.17162182]
  [0.08713675 0.08971426 0.16217529 0.15576702]]]
state : 3
eta : 5
pi2 : [[[0.08748308 0.090362   0.17640096 0.16079811]
  [0.08998947 0.08748759 0.13681378 0.17066502]]

 [[0.09287444 0.08415054 0.15655987 0.17162182]
  [0.08713675 0.08971426 0.16217529 0.15576702]]]
state : 4
eta : 1
pi2 : [[[0.14465699 0.14830205 0.15091675 0.07414306]
  [0.1292372  0.12197411 0.15681657 0.07395326]]

 [[0.14815019 0.1362914  0.13893586 0.07888885]
  [0.14507228 0.15720415 0.11512734 0.08032993]]]
state : 4
eta : 5
pi2 : [[[0.14465699 0.14830205 0.15091675 0.07414306]
  [0.1292372  0.12197411 0.15681657 0.07395326]]

 [[0.14815019 0.1362914  0.13893586 0.07888885]
  [0.14507228 0.15720415 0.11512734 0.08032993]]]
state : 5
eta : 1
pi2 : [[[0.11913726 0.1161049  0.12326731 0.12857357]
  [0.12657669 0.12465388 0.12996942 0.13171698]]

 [[0.12526826 0.12882868 0.1169117  0.1314969 ]
  [0.13539957 0.12784604 0.13905998 0.09518887]]]
state : 5
eta : 5
pi2 : [[[0.11913726 0.1161049  0.12326731 0.12857357]
  [0.12657669 0.12465388 0.12996942 0.13171698]]

 [[0.12526826 0.12882868 0.1169117  0.1314969 ]
  [0.13539957 0.12784604 0.13905998 0.09518887]]]
state : 6
eta : 1
pi2 : [[[0.11995578 0.1223527  0.11862387 0.13266013]
  [0.129938   0.12799618 0.12493288 0.12354046]]

 [[0.12780343 0.13336249 0.12597847 0.1089771 ]
  [0.12347206 0.13177323 0.12326145 0.12537178]]]
state : 6
eta : 5
pi2 : [[[0.11995578 0.1223527  0.11862387 0.13266013]
  [0.129938   0.12799618 0.12493288 0.12354046]]

 [[0.12780343 0.13336249 0.12597847 0.1089771 ]
  [0.12347206 0.13177323 0.12326145 0.12537178]]]
state : 7
eta : 1
pi2 : [[[0.14329384 0.07790123 0.1455033  0.13601062]
  [0.13946005 0.07788715 0.13170122 0.14824258]]

 [[0.13524756 0.07591174 0.15094847 0.13521828]
  [0.1370552  0.07854821 0.1483881  0.13868243]]]
state : 7
eta : 5
pi2 : [[[0.14329384 0.07790123 0.1455033  0.13601062]
  [0.13946005 0.07788715 0.13170122 0.14824258]]

 [[0.13524756 0.07591174 0.15094847 0.13521828]
  [0.1370552  0.07854821 0.1483881  0.13868243]]]
state : 8
eta : 1
pi2 : [[[0.1261067  0.15191836 0.1285129  0.08440253]
  [0.16719768 0.14042383 0.13251011 0.06892788]]

 [[0.14841225 0.14805904 0.14341614 0.08064417]
  [0.12585709 0.15142958 0.13333194 0.06884979]]]
state : 8
eta : 5
pi2 : [[[0.1261067  0.15191836 0.1285129  0.08440253]
  [0.16719768 0.14042383 0.13251011 0.06892788]]

 [[0.14841225 0.14805904 0.14341614 0.08064417]
  [0.12585709 0.15142958 0.13333194 0.06884979]]]
state : 9
eta : 1
pi2 : [[[0.12854446 0.11322514 0.13135483 0.12416455]
  [0.11629098 0.12489853 0.12971863 0.13180288]]

 [[0.1224193  0.12679285 0.13263736 0.12162171]
  [0.12777481 0.11962803 0.12201838 0.12710757]]]
state : 9
eta : 5
pi2 : [[[0.12854446 0.11322514 0.13135483 0.12416455]
  [0.11629098 0.12489853 0.12971863 0.13180288]]

 [[0.1224193  0.12679285 0.13263736 0.12162171]
  [0.12777481 0.11962803 0.12201838 0.12710757]]]
state : 10
eta : 1
pi2 : [[[0.12258959 0.12306917 0.11832558 0.13050568]
  [0.12019664 0.12784532 0.12696233 0.13050568]]

 [[0.11949635 0.12145668 0.12969795 0.13154059]
  [0.12499911 0.13154059 0.11572443 0.12554431]]]
state : 10
eta : 5
pi2 : [[[0.12258959 0.12306917 0.11832558 0.13050568]
  [0.12019664 0.12784532 0.12696233 0.13050568]]

 [[0.11949635 0.12145668 0.12969795 0.13154059]
  [0.12499911 0.13154059 0.11572443 0.12554431]]]
state : 11
eta : 1
pi2 : [[[0.13871513 0.07825665 0.14200281 0.13920331]
  [0.13955984 0.07825665 0.14200281 0.14200281]]

 [[0.13980824 0.07880748 0.14356185 0.14194375]
  [0.13669179 0.07880748 0.14356185 0.13681756]]]
state : 11
eta : 5
pi2 : [[[0.13871513 0.07825665 0.14200281 0.13920331]
  [0.13955984 0.07825665 0.14200281 0.14200281]]

 [[0.13980824 0.07880748 0.14356185 0.14194375]
  [0.13669179 0.07880748 0.14356185 0.13681756]]]
state : 12
eta : 1
pi2 : [[[0.15391412 0.13301139 0.09937752 0.09546589]
  [0.14116587 0.19770564 0.08281504 0.09654453]]

 [[0.16682969 0.1375006  0.0828585  0.11063154]
  [0.14172833 0.16822276 0.10598929 0.08623929]]]
state : 12
eta : 5
pi2 : [[[0.15391412 0.13301139 0.09937752 0.09546589]
  [0.14116587 0.19770564 0.08281504 0.09654453]]

 [[0.16682969 0.1375006  0.0828585  0.11063154]
  [0.14172833 0.16822276 0.10598929 0.08623929]]]
state : 13
eta : 1
pi2 : [[[0.14070608 0.14070608 0.07788175 0.14070608]
  [0.14070608 0.14070608 0.07788175 0.14070608]]

 [[0.14070608 0.14070608 0.07788175 0.14070608]
  [0.14070608 0.14070608 0.07788175 0.14070608]]]
state : 13
eta : 5
pi2 : [[[0.14070608 0.14070608 0.07788175 0.14070608]
  [0.14070608 0.14070608 0.07788175 0.14070608]]

 [[0.14070608 0.14070608 0.07788175 0.14070608]
  [0.14070608 0.14070608 0.07788175 0.14070608]]]
state : 14
eta : 1
pi2 : [[[0.14070608 0.14070608 0.07788175 0.14070608]
  [0.14070608 0.14070608 0.07788175 0.14070608]]

 [[0.14070608 0.14070608 0.07788175 0.14070608]
  [0.14070608 0.14070608 0.07788175 0.14070608]]]
state : 14
eta : 5
pi2 : [[[0.14070608 0.14070608 0.07788175 0.14070608]
  [0.14070608 0.14070608 0.07788175 0.14070608]]

 [[0.14070608 0.14070608 0.07788175 0.14070608]
  [0.14070608 0.14070608 0.07788175 0.14070608]]]
state : 15
eta : 1
pi2 : [[[0.16092625 0.08907375 0.08907375 0.16092625]
  [0.16092625 0.08907375 0.08907375 0.16092625]]

 [[0.16092625 0.08907375 0.08907375 0.16092625]
  [0.16092625 0.08907375 0.08907375 0.16092625]]]
state : 15
eta : 5
pi2 : [[[0.16092625 0.08907375 0.08907375 0.16092625]
  [0.16092625 0.08907375 0.08907375 0.16092625]]

 [[0.16092625 0.08907375 0.08907375 0.16092625]
  [0.16092625 0.08907375 0.08907375 0.16092625]]]
