state : 0
eta : 1
pi2 : [[[0.09503767 0.15245218 0.14958392 0.08658044]
  [0.09413924 0.16039374 0.17700295 0.08480987]]

 [[0.08422939 0.16475235 0.16494407 0.08992547]
  [0.08365276 0.15739246 0.15845921 0.09664429]]]
state : 0
eta : 5
pi2 : [[[0.09503767 0.15245218 0.14958392 0.08658044]
  [0.09413924 0.16039374 0.17700295 0.08480987]]

 [[0.08422939 0.16475235 0.16494407 0.08992547]
  [0.08365276 0.15739246 0.15845921 0.09664429]]]
state : 1
eta : 1
pi2 : [[[0.07887599 0.13693625 0.14208029 0.13866952]
  [0.08264014 0.14440414 0.13738407 0.13900959]]

 [[0.0812635  0.14087023 0.14482334 0.14142792]
  [0.0825932  0.14478556 0.1220697  0.14216655]]]
state : 1
eta : 5
pi2 : [[[0.07887599 0.13693625 0.14208029 0.13866952]
  [0.08264014 0.14440414 0.13738407 0.13900959]]

 [[0.0812635  0.14087023 0.14482334 0.14142792]
  [0.0825932  0.14478556 0.1220697  0.14216655]]]
state : 2
eta : 1
pi2 : [[[0.07439732 0.1411668  0.15259939 0.14270029]
  [0.07889056 0.13431387 0.13663808 0.13929369]]

 [[0.0810327  0.13226013 0.13901716 0.14533051]
  [0.08082417 0.15094105 0.13889585 0.13169843]]]
state : 2
eta : 5
pi2 : [[[0.07439732 0.1411668  0.15259939 0.14270029]
  [0.07889056 0.13431387 0.13663808 0.13929369]]

 [[0.0810327  0.13226013 0.13901716 0.14533051]
  [0.08082417 0.15094105 0.13889585 0.13169843]]]
state : 3
eta : 1
pi2 : [[[0.08689287 0.09005909 0.17657374 0.16267203]
  [0.09044209 0.08698881 0.13544717 0.17092418]]

 [[0.09405209 0.0841857  0.15445771 0.17261523]
  [0.08683627 0.0904142  0.16197942 0.15545937]]]
state : 3
eta : 5
pi2 : [[[0.08689287 0.09005909 0.17657374 0.16267203]
  [0.09044209 0.08698881 0.13544717 0.17092418]]

 [[0.09405209 0.0841857  0.15445771 0.17261523]
  [0.08683627 0.0904142  0.16197942 0.15545937]]]
state : 4
eta : 1
pi2 : [[[0.14212295 0.14752753 0.15233762 0.07256898]
  [0.13020666 0.12640294 0.14994878 0.07888455]]

 [[0.14232381 0.13316367 0.13975128 0.07695414]
  [0.14052213 0.15297815 0.13189394 0.08241287]]]
state : 4
eta : 5
pi2 : [[[0.14212295 0.14752753 0.15233762 0.07256898]
  [0.13020666 0.12640294 0.14994878 0.07888455]]

 [[0.14232381 0.13316367 0.13975128 0.07695414]
  [0.14052213 0.15297815 0.13189394 0.08241287]]]
state : 5
eta : 1
pi2 : [[[0.11830376 0.12031589 0.12591009 0.13098766]
  [0.12144512 0.12424138 0.12743175 0.13136435]]

 [[0.12240317 0.12733946 0.12169486 0.12900474]
  [0.13064269 0.12318333 0.13600083 0.10973092]]]
state : 5
eta : 5
pi2 : [[[0.11830376 0.12031589 0.12591009 0.13098766]
  [0.12144512 0.12424138 0.12743175 0.13136435]]

 [[0.12240317 0.12733946 0.12169486 0.12900474]
  [0.13064269 0.12318333 0.13600083 0.10973092]]]
state : 6
eta : 1
pi2 : [[[0.12025187 0.11676147 0.12259687 0.13051608]
  [0.12915561 0.12675913 0.12632078 0.12763818]]

 [[0.12741595 0.13317918 0.12403935 0.11125483]
  [0.12559911 0.13173672 0.12150642 0.12526844]]]
state : 6
eta : 5
pi2 : [[[0.12025187 0.11676147 0.12259687 0.13051608]
  [0.12915561 0.12675913 0.12632078 0.12763818]]

 [[0.12741595 0.13317918 0.12403935 0.11125483]
  [0.12559911 0.13173672 0.12150642 0.12526844]]]
state : 7
eta : 1
pi2 : [[[0.14435178 0.07884384 0.14623756 0.13319845]
  [0.13954367 0.07861906 0.12922456 0.14998108]]

 [[0.13350144 0.07616502 0.15181756 0.13599291]
  [0.13687742 0.07927295 0.14797807 0.13839463]]]
state : 7
eta : 5
pi2 : [[[0.14435178 0.07884384 0.14623756 0.13319845]
  [0.13954367 0.07861906 0.12922456 0.14998108]]

 [[0.13350144 0.07616502 0.15181756 0.13599291]
  [0.13687742 0.07927295 0.14797807 0.13839463]]]
state : 8
eta : 1
pi2 : [[[0.12999079 0.14870674 0.13059943 0.08448103]
  [0.15590806 0.13480705 0.13750278 0.07800413]]

 [[0.15093164 0.1420065  0.13686788 0.07806139]
  [0.13651884 0.15308312 0.1215918  0.08093884]]]
state : 8
eta : 5
pi2 : [[[0.12999079 0.14870674 0.13059943 0.08448103]
  [0.15590806 0.13480705 0.13750278 0.07800413]]

 [[0.15093164 0.1420065  0.13686788 0.07806139]
  [0.13651884 0.15308312 0.1215918  0.08093884]]]
state : 9
eta : 1
pi2 : [[[0.12649531 0.11930442 0.13416443 0.11838929]
  [0.11967628 0.1228995  0.13126255 0.12780823]]

 [[0.12564914 0.1242055  0.12929715 0.12645029]
  [0.12751824 0.12079082 0.12134142 0.12474745]]]
state : 9
eta : 5
pi2 : [[[0.12649531 0.11930442 0.13416443 0.11838929]
  [0.11967628 0.1228995  0.13126255 0.12780823]]

 [[0.12564914 0.1242055  0.12929715 0.12645029]
  [0.12751824 0.12079082 0.12134142 0.12474745]]]
state : 10
eta : 1
pi2 : [[[0.12258889 0.12005729 0.11967243 0.12912866]
  [0.12464454 0.12653642 0.12824311 0.12912866]]

 [[0.11838801 0.12247166 0.12915169 0.13110623]
  [0.12321906 0.13110623 0.11765855 0.12689858]]]
state : 10
eta : 5
pi2 : [[[0.12258889 0.12005729 0.11967243 0.12912866]
  [0.12464454 0.12653642 0.12824311 0.12912866]]

 [[0.11838801 0.12247166 0.12915169 0.13110623]
  [0.12321906 0.13110623 0.11765855 0.12689858]]]
state : 11
eta : 1
pi2 : [[[0.13867836 0.07888597 0.14193284 0.13911785]
  [0.13858628 0.07893303 0.14193284 0.14193284]]

 [[0.13900004 0.07970966 0.14415711 0.14267099]
  [0.13475758 0.07970966 0.14415711 0.13583787]]]
state : 11
eta : 5
pi2 : [[[0.13867836 0.07888597 0.14193284 0.13911785]
  [0.13858628 0.07893303 0.14193284 0.14193284]]

 [[0.13900004 0.07970966 0.14415711 0.14267099]
  [0.13475758 0.07970966 0.14415711 0.13583787]]]
state : 12
eta : 1
pi2 : [[[0.15102413 0.14297812 0.09173628 0.09924976]
  [0.14491602 0.19683732 0.07680007 0.09645831]]

 [[0.17114557 0.14556554 0.08177637 0.10337527]
  [0.1500454  0.15610235 0.10222379 0.0897657 ]]]
state : 12
eta : 5
pi2 : [[[0.15102413 0.14297812 0.09173628 0.09924976]
  [0.14491602 0.19683732 0.07680007 0.09645831]]

 [[0.17114557 0.14556554 0.08177637 0.10337527]
  [0.1500454  0.15610235 0.10222379 0.0897657 ]]]
state : 13
eta : 1
pi2 : [[[0.14049949 0.14049949 0.07850152 0.14049949]
  [0.14049949 0.14049949 0.07850152 0.14049949]]

 [[0.14049949 0.14049949 0.07850152 0.14049949]
  [0.14049949 0.14049949 0.07850152 0.14049949]]]
state : 13
eta : 5
pi2 : [[[0.14049949 0.14049949 0.07850152 0.14049949]
  [0.14049949 0.14049949 0.07850152 0.14049949]]

 [[0.14049949 0.14049949 0.07850152 0.14049949]
  [0.14049949 0.14049949 0.07850152 0.14049949]]]
state : 14
eta : 1
pi2 : [[[0.14049949 0.14049949 0.07850152 0.14049949]
  [0.14049949 0.14049949 0.07850152 0.14049949]]

 [[0.14049949 0.14049949 0.07850152 0.14049949]
  [0.14049949 0.14049949 0.07850152 0.14049949]]]
state : 14
eta : 5
pi2 : [[[0.14049949 0.14049949 0.07850152 0.14049949]
  [0.14049949 0.14049949 0.07850152 0.14049949]]

 [[0.14049949 0.14049949 0.07850152 0.14049949]
  [0.14049949 0.14049949 0.07850152 0.14049949]]]
state : 15
eta : 1
pi2 : [[[0.16038681 0.08961319 0.08961319 0.16038681]
  [0.16038681 0.08961319 0.08961319 0.16038681]]

 [[0.16038681 0.08961319 0.08961319 0.16038681]
  [0.16038681 0.08961319 0.08961319 0.16038681]]]
state : 15
eta : 5
pi2 : [[[0.16038681 0.08961319 0.08961319 0.16038681]
  [0.16038681 0.08961319 0.08961319 0.16038681]]

 [[0.16038681 0.08961319 0.08961319 0.16038681]
  [0.16038681 0.08961319 0.08961319 0.16038681]]]
