state : 0
eta : 1
pi2 : [[[0.09617678 0.1531677  0.14776884 0.08582392]
  [0.09428134 0.15913756 0.17735612 0.08628774]]

 [[0.08383296 0.16604617 0.16120052 0.08978276]
  [0.08279419 0.16058478 0.15761889 0.09813972]]]
state : 0
eta : 5
pi2 : [[[0.09617678 0.1531677  0.14776884 0.08582392]
  [0.09428134 0.15913756 0.17735612 0.08628774]]

 [[0.08383296 0.16604617 0.16120052 0.08978276]
  [0.08279419 0.16058478 0.15761889 0.09813972]]]
state : 1
eta : 1
pi2 : [[[0.07951266 0.13549761 0.14302805 0.14025645]
  [0.08308146 0.14398122 0.13844475 0.13619779]]

 [[0.08122804 0.14198565 0.14491202 0.14209701]
  [0.0831945  0.14525208 0.11936988 0.14196083]]]
state : 1
eta : 5
pi2 : [[[0.07951266 0.13549761 0.14302805 0.14025645]
  [0.08308146 0.14398122 0.13844475 0.13619779]]

 [[0.08122804 0.14198565 0.14491202 0.14209701]
  [0.0831945  0.14525208 0.11936988 0.14196083]]]
state : 2
eta : 1
pi2 : [[[0.07367694 0.14093143 0.15603906 0.14336564]
  [0.07628829 0.13134361 0.13697812 0.1413769 ]]

 [[0.08141505 0.13156372 0.13408925 0.14662296]
  [0.08112576 0.15304052 0.14043136 0.13171139]]]
state : 2
eta : 5
pi2 : [[[0.07367694 0.14093143 0.15603906 0.14336564]
  [0.07628829 0.13134361 0.13697812 0.1413769 ]]

 [[0.08141505 0.13156372 0.13408925 0.14662296]
  [0.08112576 0.15304052 0.14043136 0.13171139]]]
state : 3
eta : 1
pi2 : [[[0.08633728 0.08962993 0.18063881 0.15750743]
  [0.09130604 0.08644006 0.13344855 0.1746919 ]]

 [[0.09538785 0.0848007  0.15476267 0.17054724]
  [0.08645349 0.09147727 0.15930658 0.15726419]]]
state : 3
eta : 5
pi2 : [[[0.08633728 0.08962993 0.18063881 0.15750743]
  [0.09130604 0.08644006 0.13344855 0.1746919 ]]

 [[0.09538785 0.0848007  0.15476267 0.17054724]
  [0.08645349 0.09147727 0.15930658 0.15726419]]]
state : 4
eta : 1
pi2 : [[[0.14589912 0.14436998 0.15564458 0.07146864]
  [0.1267664  0.12598398 0.1543536  0.07551371]]

 [[0.14485262 0.13065562 0.14035669 0.07633062]
  [0.13991594 0.15248449 0.13202562 0.08337841]]]
state : 4
eta : 5
pi2 : [[[0.14589912 0.14436998 0.15564458 0.07146864]
  [0.1267664  0.12598398 0.1543536  0.07551371]]

 [[0.14485262 0.13065562 0.14035669 0.07633062]
  [0.13991594 0.15248449 0.13202562 0.08337841]]]
state : 5
eta : 1
pi2 : [[[0.11683131 0.12290533 0.12816745 0.13339158]
  [0.12054767 0.12256591 0.12598978 0.12960098]]

 [[0.12412788 0.12451247 0.12291646 0.13099556]
  [0.13071739 0.12363053 0.13562428 0.10747543]]]
state : 5
eta : 5
pi2 : [[[0.11683131 0.12290533 0.12816745 0.13339158]
  [0.12054767 0.12256591 0.12598978 0.12960098]]

 [[0.12412788 0.12451247 0.12291646 0.13099556]
  [0.13071739 0.12363053 0.13562428 0.10747543]]]
state : 6
eta : 1
pi2 : [[[0.12024222 0.11340044 0.1234017  0.12729383]
  [0.13162578 0.12472482 0.12870697 0.13060424]]

 [[0.12841266 0.13397113 0.12306531 0.11149666]
  [0.12640308 0.1329638  0.12062802 0.12305934]]]
state : 6
eta : 5
pi2 : [[[0.12024222 0.11340044 0.1234017  0.12729383]
  [0.13162578 0.12472482 0.12870697 0.13060424]]

 [[0.12841266 0.13397113 0.12306531 0.11149666]
  [0.12640308 0.1329638  0.12062802 0.12305934]]]
state : 7
eta : 1
pi2 : [[[0.14636867 0.079435   0.14733935 0.12920745]
  [0.14024924 0.07927423 0.12563058 0.15249547]]

 [[0.12817322 0.07615557 0.15517618 0.13572944]
  [0.13405438 0.0800667  0.14997345 0.14067108]]]
state : 7
eta : 5
pi2 : [[[0.14636867 0.079435   0.14733935 0.12920745]
  [0.14024924 0.07927423 0.12563058 0.15249547]]

 [[0.12817322 0.07615557 0.15517618 0.13572944]
  [0.13405438 0.0800667  0.14997345 0.14067108]]]
state : 8
eta : 1
pi2 : [[[0.12697155 0.15509522 0.12638077 0.08566546]
  [0.15641814 0.13774376 0.13402438 0.07770072]]

 [[0.14753641 0.14574014 0.1353247  0.07714121]
  [0.13696949 0.14952786 0.12734934 0.08041085]]]
state : 8
eta : 5
pi2 : [[[0.12697155 0.15509522 0.12638077 0.08566546]
  [0.15641814 0.13774376 0.13402438 0.07770072]]

 [[0.14753641 0.14574014 0.1353247  0.07714121]
  [0.13696949 0.14952786 0.12734934 0.08041085]]]
state : 9
eta : 1
pi2 : [[[0.12747325 0.11787876 0.13344312 0.1207072 ]
  [0.11947201 0.12296042 0.13078353 0.12728171]]

 [[0.1266661  0.12571234 0.12989766 0.12412834]
  [0.12907567 0.1179108  0.11866297 0.12794611]]]
state : 9
eta : 5
pi2 : [[[0.12747325 0.11787876 0.13344312 0.1207072 ]
  [0.11947201 0.12296042 0.13078353 0.12728171]]

 [[0.1266661  0.12571234 0.12989766 0.12412834]
  [0.12907567 0.1179108  0.11866297 0.12794611]]]
state : 10
eta : 1
pi2 : [[[0.12183975 0.11865061 0.11967045 0.12979038]
  [0.12449349 0.12719688 0.12856807 0.12979038]]

 [[0.11741982 0.1227374  0.12967038 0.13168992]
  [0.12226587 0.13168992 0.11738674 0.12713996]]]
state : 10
eta : 5
pi2 : [[[0.12183975 0.11865061 0.11967045 0.12979038]
  [0.12449349 0.12719688 0.12856807 0.12979038]]

 [[0.11741982 0.1227374  0.12967038 0.13168992]
  [0.12226587 0.13168992 0.11738674 0.12713996]]]
state : 11
eta : 1
pi2 : [[[0.13881701 0.07897895 0.1421172  0.13932567]
  [0.13753017 0.07899661 0.1421172  0.1421172 ]]

 [[0.1381528  0.08006686 0.1452492  0.1436962 ]
  [0.13238836 0.08006686 0.1452492  0.13513051]]]
state : 11
eta : 5
pi2 : [[[0.13881701 0.07897895 0.1421172  0.13932567]
  [0.13753017 0.07899661 0.1421172  0.1421172 ]]

 [[0.1381528  0.08006686 0.1452492  0.1436962 ]
  [0.13238836 0.08006686 0.1452492  0.13513051]]]
state : 12
eta : 1
pi2 : [[[0.15492402 0.14181271 0.0928977  0.09862293]
  [0.14173258 0.19658748 0.07702568 0.0963969 ]]

 [[0.16943292 0.14863807 0.08186277 0.10185392]
  [0.14973619 0.15596769 0.10494123 0.08756721]]]
state : 12
eta : 5
pi2 : [[[0.15492402 0.14181271 0.0928977  0.09862293]
  [0.14173258 0.19658748 0.07702568 0.0963969 ]]

 [[0.16943292 0.14863807 0.08186277 0.10185392]
  [0.14973619 0.15596769 0.10494123 0.08756721]]]
state : 13
eta : 1
pi2 : [[[0.14049927 0.14049927 0.07850218 0.14049927]
  [0.14049927 0.14049927 0.07850218 0.14049927]]

 [[0.14049927 0.14049927 0.07850218 0.14049927]
  [0.14049927 0.14049927 0.07850218 0.14049927]]]
state : 13
eta : 5
pi2 : [[[0.14049927 0.14049927 0.07850218 0.14049927]
  [0.14049927 0.14049927 0.07850218 0.14049927]]

 [[0.14049927 0.14049927 0.07850218 0.14049927]
  [0.14049927 0.14049927 0.07850218 0.14049927]]]
state : 14
eta : 1
pi2 : [[[0.14049927 0.14049927 0.07850218 0.14049927]
  [0.14049927 0.14049927 0.07850218 0.14049927]]

 [[0.14049927 0.14049927 0.07850218 0.14049927]
  [0.14049927 0.14049927 0.07850218 0.14049927]]]
state : 14
eta : 5
pi2 : [[[0.14049927 0.14049927 0.07850218 0.14049927]
  [0.14049927 0.14049927 0.07850218 0.14049927]]

 [[0.14049927 0.14049927 0.07850218 0.14049927]
  [0.14049927 0.14049927 0.07850218 0.14049927]]]
state : 15
eta : 1
pi2 : [[[0.16038623 0.08961377 0.08961377 0.16038623]
  [0.16038623 0.08961377 0.08961377 0.16038623]]

 [[0.16038623 0.08961377 0.08961377 0.16038623]
  [0.16038623 0.08961377 0.08961377 0.16038623]]]
state : 15
eta : 5
pi2 : [[[0.16038623 0.08961377 0.08961377 0.16038623]
  [0.16038623 0.08961377 0.08961377 0.16038623]]

 [[0.16038623 0.08961377 0.08961377 0.16038623]
  [0.16038623 0.08961377 0.08961377 0.16038623]]]
