state : 0
eta : 1
pi2 : [[[0.13338752 0.11445079 0.1327963  0.13342569]
  [0.11059243 0.13344789 0.10846018 0.13343921]]

 [[0.13919154 0.13822718 0.13482296 0.1180729 ]
  [0.09517715 0.13920479 0.09611869 0.13918478]]]
state : 0
eta : 50
pi2 : [[[0.13338752 0.11445079 0.1327963  0.13342569]
  [0.11059243 0.13344789 0.10846018 0.13343921]]

 [[0.13919154 0.13822718 0.13482296 0.1180729 ]
  [0.09517715 0.13920479 0.09611869 0.13918478]]]
state : 1
eta : 1
pi2 : [[[0.13283647 0.1328364  0.10988108 0.13281608]
  [0.11495545 0.13283028 0.11101618 0.13282806]]

 [[0.13512984 0.13498444 0.08650292 0.13512604]
  [0.13514752 0.13514749 0.10443875 0.13352299]]]
state : 1
eta : 50
pi2 : [[[0.13283647 0.1328364  0.10988108 0.13281608]
  [0.11495545 0.13283028 0.11101618 0.13282806]]

 [[0.13512984 0.13498444 0.08650292 0.13512604]
  [0.13514752 0.13514749 0.10443875 0.13352299]]]
state : 2
eta : 1
pi2 : [[[0.13686767 0.13185337 0.10316318 0.12972775]
  [0.12790406 0.11835645 0.11923114 0.13289639]]

 [[0.12163647 0.12105996 0.12141062 0.12772163]
  [0.12770726 0.12768454 0.12505603 0.12772349]]]
state : 2
eta : 50
pi2 : [[[0.13686767 0.13185337 0.10316318 0.12972775]
  [0.12790406 0.11835645 0.11923114 0.13289639]]

 [[0.12163647 0.12105996 0.12141062 0.12772163]
  [0.12770726 0.12768454 0.12505603 0.12772349]]]
state : 3
eta : 1
pi2 : [[[0.11987656 0.13578539 0.129551   0.13749006]
  [0.12910387 0.11242041 0.10034919 0.13542352]]

 [[0.13531454 0.12313798 0.14250616 0.11697132]
  [0.08361302 0.13839013 0.12241679 0.13765005]]]
state : 3
eta : 50
pi2 : [[[0.11987656 0.13578539 0.129551   0.13749006]
  [0.12910387 0.11242041 0.10034919 0.13542352]]

 [[0.13531454 0.12313798 0.14250616 0.11697132]
  [0.08361302 0.13839013 0.12241679 0.13765005]]]
state : 4
eta : 1
pi2 : [[[0.10894494 0.13430723 0.13363955 0.10841291]
  [0.130541   0.13060672 0.11922111 0.13432653]]

 [[0.11796314 0.11971592 0.1426909  0.14265537]
  [0.09949489 0.12628327 0.13492336 0.11627314]]]
state : 4
eta : 50
pi2 : [[[0.10894494 0.13430723 0.13363955 0.10841291]
  [0.130541   0.13060672 0.11922111 0.13432653]]

 [[0.11796314 0.11971592 0.1426909  0.14265537]
  [0.09949489 0.12628327 0.13492336 0.11627314]]]
state : 5
eta : 1
pi2 : [[[0.10785697 0.15179955 0.1493582  0.15162259]
  [0.08727197 0.09331042 0.14815619 0.11062411]]

 [[0.14019831 0.10522534 0.10569209 0.10807084]
  [0.14029066 0.12385543 0.1402739  0.13639345]]]
state : 5
eta : 50
pi2 : [[[0.10785697 0.15179955 0.1493582  0.15162259]
  [0.08727197 0.09331042 0.14815619 0.11062411]]

 [[0.14019831 0.10522534 0.10569209 0.10807084]
  [0.14029066 0.12385543 0.1402739  0.13639345]]]
state : 6
eta : 1
pi2 : [[[0.08985131 0.14588197 0.11430006 0.13970038]
  [0.13679135 0.13087779 0.11148979 0.13110733]]

 [[0.15462988 0.1293531  0.09613274 0.10804398]
  [0.15132445 0.09952489 0.14381952 0.11717145]]]
state : 6
eta : 50
pi2 : [[[0.08985131 0.14588197 0.11430006 0.13970038]
  [0.13679135 0.13087779 0.11148979 0.13110733]]

 [[0.15462988 0.1293531  0.09613274 0.10804398]
  [0.15132445 0.09952489 0.14381952 0.11717145]]]
state : 7
eta : 1
pi2 : [[[0.09506677 0.14794782 0.1245855  0.11168033]
  [0.14633169 0.10012667 0.14894204 0.12531918]]

 [[0.14944795 0.0749099  0.15166078 0.14708258]
  [0.12000457 0.1425526  0.14487597 0.06946566]]]
state : 7
eta : 50
pi2 : [[[0.09506677 0.14794782 0.1245855  0.11168033]
  [0.14633169 0.10012667 0.14894204 0.12531918]]

 [[0.14944795 0.0749099  0.15166078 0.14708258]
  [0.12000457 0.1425526  0.14487597 0.06946566]]]
state : 8
eta : 1
pi2 : [[[0.12974169 0.12975299 0.09470906 0.1297601 ]
  [0.12975821 0.12675881 0.1297595  0.12975964]]

 [[0.1196359  0.12470424 0.13110533 0.1027585 ]
  [0.1317177  0.12017414 0.13496703 0.13493716]]]
state : 8
eta : 50
pi2 : [[[0.12974169 0.12975299 0.09470906 0.1297601 ]
  [0.12975821 0.12675881 0.1297595  0.12975964]]

 [[0.1196359  0.12470424 0.13110533 0.1027585 ]
  [0.1317177  0.12017414 0.13496703 0.13493716]]]
state : 9
eta : 1
pi2 : [[[0.10884208 0.1403263  0.12729083 0.14036368]
  [0.1402996  0.10920013 0.12978812 0.10388926]]

 [[0.1042482  0.14020123 0.11295205 0.14403299]
  [0.14830163 0.14723796 0.0899824  0.11304353]]]
state : 9
eta : 50
pi2 : [[[0.10884208 0.1403263  0.12729083 0.14036368]
  [0.1402996  0.10920013 0.12978812 0.10388926]]

 [[0.1042482  0.14020123 0.11295205 0.14403299]
  [0.14830163 0.14723796 0.0899824  0.11304353]]]
state : 10
eta : 1
pi2 : [[[0.11106843 0.11320306 0.13573513 0.11097062]
  [0.14530815 0.14518514 0.14528417 0.0932453 ]]

 [[0.15680386 0.13557138 0.1561694  0.11366666]
  [0.15681398 0.08427035 0.12713522 0.06956915]]]
state : 10
eta : 50
pi2 : [[[0.11106843 0.11320306 0.13573513 0.11097062]
  [0.14530815 0.14518514 0.14528417 0.0932453 ]]

 [[0.15680386 0.13557138 0.1561694  0.11366666]
  [0.15681398 0.08427035 0.12713522 0.06956915]]]
state : 11
eta : 1
pi2 : [[[0.1126585  0.14569779 0.15087955 0.13693808]
  [0.07973643 0.10751136 0.15087955 0.11569873]]

 [[0.12219544 0.09710413 0.14358999 0.09385574]
  [0.13522673 0.12084829 0.14358999 0.1435897 ]]]
state : 11
eta : 50
pi2 : [[[0.1126585  0.14569779 0.15087955 0.13693808]
  [0.07973643 0.10751136 0.15087955 0.11569873]]

 [[0.12219544 0.09710413 0.14358999 0.09385574]
  [0.13522673 0.12084829 0.14358999 0.1435897 ]]]
state : 12
eta : 1
pi2 : [[[0.1267624  0.10104754 0.12722991 0.12691352]
  [0.13160474 0.12977787 0.12957549 0.12708853]]

 [[0.12396093 0.12570767 0.12179556 0.12570693]
  [0.12570702 0.12570751 0.12570709 0.12570727]]]
state : 12
eta : 50
pi2 : [[[0.1267624  0.10104754 0.12722991 0.12691352]
  [0.13160474 0.12977787 0.12957549 0.12708853]]

 [[0.12396093 0.12570767 0.12179556 0.12570693]
  [0.12570702 0.12570751 0.12570709 0.12570727]]]
state : 13
eta : 1
pi2 : [[[0.125 0.125 0.125 0.125]
  [0.125 0.125 0.125 0.125]]

 [[0.125 0.125 0.125 0.125]
  [0.125 0.125 0.125 0.125]]]
state : 13
eta : 50
pi2 : [[[0.125 0.125 0.125 0.125]
  [0.125 0.125 0.125 0.125]]

 [[0.125 0.125 0.125 0.125]
  [0.125 0.125 0.125 0.125]]]
state : 14
eta : 1
pi2 : [[[0.125 0.125 0.125 0.125]
  [0.125 0.125 0.125 0.125]]

 [[0.125 0.125 0.125 0.125]
  [0.125 0.125 0.125 0.125]]]
state : 14
eta : 50
pi2 : [[[0.125 0.125 0.125 0.125]
  [0.125 0.125 0.125 0.125]]

 [[0.125 0.125 0.125 0.125]
  [0.125 0.125 0.125 0.125]]]
state : 15
eta : 1
pi2 : [[[0.125 0.125 0.125 0.125]
  [0.125 0.125 0.125 0.125]]

 [[0.125 0.125 0.125 0.125]
  [0.125 0.125 0.125 0.125]]]
state : 15
eta : 50
pi2 : [[[0.125 0.125 0.125 0.125]
  [0.125 0.125 0.125 0.125]]

 [[0.125 0.125 0.125 0.125]
  [0.125 0.125 0.125 0.125]]]
