state : 0
eta : 1
pi2 : [[[0.         0.3226633  0.20847593 0.        ]
  [0.         0.08949501 0.37936577 0.        ]]

 [[0.         0.98450255 0.0034632  0.        ]
  [0.         0.00451846 0.00751579 0.        ]]]
state : 0
eta : 5
pi2 : [[[0.         0.3226633  0.20847593 0.        ]
  [0.         0.08949501 0.37936577 0.        ]]

 [[0.         0.98450255 0.0034632  0.        ]
  [0.         0.00451846 0.00751579 0.        ]]]
state : 1
eta : 1
pi2 : [[[0.         0.94234361 0.00370665 0.00829332]
  [0.         0.00541971 0.03481399 0.00542271]]

 [[0.         0.04813356 0.01779226 0.01393946]
  [0.         0.01656616 0.89690841 0.00666014]]]
state : 1
eta : 5
pi2 : [[[0.         0.94234361 0.00370665 0.00829332]
  [0.         0.00541971 0.03481399 0.00542271]]

 [[0.         0.04813356 0.01779226 0.01393946]
  [0.         0.01656616 0.89690841 0.00666014]]]
state : 2
eta : 1
pi2 : [[[0.         0.00486409 0.01569795 0.00762492]
  [0.         0.0079894  0.95871586 0.00510778]]

 [[0.         0.0559309  0.08706732 0.03747369]
  [0.         0.060198   0.64737187 0.11195822]]]
state : 2
eta : 5
pi2 : [[[0.         0.00486409 0.01569795 0.00762492]
  [0.         0.0079894  0.95871586 0.00510778]]

 [[0.         0.0559309  0.08706732 0.03747369]
  [0.         0.060198   0.64737187 0.11195822]]]
state : 3
eta : 1
pi2 : [[[0.         0.         0.14248659 0.11247703]
  [0.         0.         0.66530575 0.07973062]]

 [[0.         0.         0.07119198 0.21188355]
  [0.         0.         0.09954242 0.61738205]]]
state : 3
eta : 5
pi2 : [[[0.         0.         0.14248659 0.11247703]
  [0.         0.         0.66530575 0.07973062]]

 [[0.         0.         0.07119198 0.21188355]
  [0.         0.         0.09954242 0.61738205]]]
state : 4
eta : 1
pi2 : [[[0.00530685 0.01295144 0.00756904 0.        ]
  [0.93690756 0.03254327 0.00472185 0.        ]]

 [[0.00707217 0.00493841 0.00574204 0.        ]
  [0.02011552 0.9560104  0.00612145 0.        ]]]
state : 4
eta : 5
pi2 : [[[0.00530685 0.01295144 0.00756904 0.        ]
  [0.93690756 0.03254327 0.00472185 0.        ]]

 [[0.00707217 0.00493841 0.00574204 0.        ]
  [0.02011552 0.9560104  0.00612145 0.        ]]]
state : 5
eta : 1
pi2 : [[[2.94191321e-01 2.90455588e-02 1.03735392e-02 1.84207126e-02]
  [5.14439895e-02 4.80029381e-01 4.04486066e-02 7.60468918e-02]]

 [[2.02728500e-03 3.80421282e-03 5.78132036e-04 3.46263365e-03]
  [3.21340644e-03 9.83907392e-01 1.03706348e-03 1.96987421e-03]]]
state : 5
eta : 5
pi2 : [[[2.94191321e-01 2.90455588e-02 1.03735392e-02 1.84207126e-02]
  [5.14439895e-02 4.80029381e-01 4.04486066e-02 7.60468918e-02]]

 [[2.02728500e-03 3.80421282e-03 5.78132036e-04 3.46263365e-03]
  [3.21340644e-03 9.83907392e-01 1.03706348e-03 1.96987421e-03]]]
state : 6
eta : 1
pi2 : [[[7.04018249e-02 2.20187959e-01 1.26568587e-02 1.63918741e-01]
  [6.02730292e-02 3.56278725e-01 2.38027275e-02 9.24801347e-02]]

 [[8.36334486e-04 9.94231041e-01 3.31145785e-04 9.79612965e-04]
  [1.03724262e-03 1.86058835e-03 3.60007104e-04 3.64027681e-04]]]
state : 6
eta : 5
pi2 : [[[7.04018249e-02 2.20187959e-01 1.26568587e-02 1.63918741e-01]
  [6.02730292e-02 3.56278725e-01 2.38027275e-02 9.24801347e-02]]

 [[8.36334486e-04 9.94231041e-01 3.31145785e-04 9.79612965e-04]
  [1.03724262e-03 1.86058835e-03 3.60007104e-04 3.64027681e-04]]]
state : 7
eta : 1
pi2 : [[[0.00235694 0.         0.00442638 0.00176823]
  [0.00181292 0.         0.98612806 0.00350748]]

 [[0.04464634 0.         0.03183853 0.05224731]
  [0.03316336 0.         0.80432321 0.03378126]]]
state : 7
eta : 5
pi2 : [[[0.00235694 0.         0.00442638 0.00176823]
  [0.00181292 0.         0.98612806 0.00350748]]

 [[0.04464634 0.         0.03183853 0.05224731]
  [0.03316336 0.         0.80432321 0.03378126]]]
state : 8
eta : 1
pi2 : [[[9.91874536e-01 5.40726060e-04 1.77316869e-04 0.00000000e+00]
  [5.58908779e-03 4.27266699e-04 1.39106646e-03 0.00000000e+00]]

 [[5.38934002e-03 9.62556885e-03 1.52914458e-02 0.00000000e+00]
  [6.04716202e-03 9.58228277e-01 5.41820645e-03 0.00000000e+00]]]
state : 8
eta : 5
pi2 : [[[9.91874536e-01 5.40726060e-04 1.77316869e-04 0.00000000e+00]
  [5.58908779e-03 4.27266699e-04 1.39106646e-03 0.00000000e+00]]

 [[5.38934002e-03 9.62556885e-03 1.52914458e-02 0.00000000e+00]
  [6.04716202e-03 9.58228277e-01 5.41820645e-03 0.00000000e+00]]]
state : 9
eta : 1
pi2 : [[[0.14092229 0.06461605 0.06091072 0.05876522]
  [0.10901352 0.04206039 0.3926512  0.13106061]]

 [[0.01534783 0.00681887 0.01175055 0.00517306]
  [0.00384855 0.00654876 0.94735928 0.00315309]]]
state : 9
eta : 5
pi2 : [[[0.14092229 0.06461605 0.06091072 0.05876522]
  [0.10901352 0.04206039 0.3926512  0.13106061]]

 [[0.01534783 0.00681887 0.01175055 0.00517306]
  [0.00384855 0.00654876 0.94735928 0.00315309]]]
state : 10
eta : 1
pi2 : [[[0.02095633 0.16333188 0.04891015 0.03203998]
  [0.03995817 0.49778422 0.08483127 0.112188  ]]

 [[0.05321065 0.41287496 0.07794397 0.07044576]
  [0.07546672 0.09315618 0.07606396 0.14083779]]]
state : 10
eta : 5
pi2 : [[[0.02095633 0.16333188 0.04891015 0.03203998]
  [0.03995817 0.49778422 0.08483127 0.112188  ]]

 [[0.05321065 0.41287496 0.07794397 0.07044576]
  [0.07546672 0.09315618 0.07606396 0.14083779]]]
state : 11
eta : 1
pi2 : [[[1.42046671e-01 0.00000000e+00 4.24055913e-01 2.85121642e-02]
  [2.45044299e-02 0.00000000e+00 3.17196509e-01 6.36843127e-02]]

 [[1.39354519e-03 0.00000000e+00 9.85411543e-01 4.88673472e-04]
  [1.45676267e-03 0.00000000e+00 1.07178531e-02 5.31623013e-04]]]
state : 11
eta : 5
pi2 : [[[1.42046671e-01 0.00000000e+00 4.24055913e-01 2.85121642e-02]
  [2.45044299e-02 0.00000000e+00 3.17196509e-01 6.36843127e-02]]

 [[1.39354519e-03 0.00000000e+00 9.85411543e-01 4.88673472e-04]
  [1.45676267e-03 0.00000000e+00 1.07178531e-02 5.31623013e-04]]]
state : 12
eta : 1
pi2 : [[[6.00533309e-01 9.06580748e-03 0.00000000e+00 0.00000000e+00]
  [4.62266170e-02 3.44174266e-01 0.00000000e+00 0.00000000e+00]]

 [[9.93660420e-01 3.29903894e-04 0.00000000e+00 0.00000000e+00]
  [6.00124137e-03 8.43484157e-06 0.00000000e+00 0.00000000e+00]]]
state : 12
eta : 5
pi2 : [[[6.00533309e-01 9.06580748e-03 0.00000000e+00 0.00000000e+00]
  [4.62266170e-02 3.44174266e-01 0.00000000e+00 0.00000000e+00]]

 [[9.93660420e-01 3.29903894e-04 0.00000000e+00 0.00000000e+00]
  [6.00124137e-03 8.43484157e-06 0.00000000e+00 0.00000000e+00]]]
state : 13
eta : 1
pi2 : [[[0.16666667 0.16666667 0.         0.16666667]
  [0.16666667 0.16666667 0.         0.16666667]]

 [[0.16666667 0.16666667 0.         0.16666667]
  [0.16666667 0.16666667 0.         0.16666667]]]
state : 13
eta : 5
pi2 : [[[0.16666667 0.16666667 0.         0.16666667]
  [0.16666667 0.16666667 0.         0.16666667]]

 [[0.16666667 0.16666667 0.         0.16666667]
  [0.16666667 0.16666667 0.         0.16666667]]]
state : 14
eta : 1
pi2 : [[[0.16666667 0.16666667 0.         0.16666667]
  [0.16666667 0.16666667 0.         0.16666667]]

 [[0.16666667 0.16666667 0.         0.16666667]
  [0.16666667 0.16666667 0.         0.16666667]]]
state : 14
eta : 5
pi2 : [[[0.16666667 0.16666667 0.         0.16666667]
  [0.16666667 0.16666667 0.         0.16666667]]

 [[0.16666667 0.16666667 0.         0.16666667]
  [0.16666667 0.16666667 0.         0.16666667]]]
state : 15
eta : 1
pi2 : [[[0.25 0.   0.   0.25]
  [0.25 0.   0.   0.25]]

 [[0.25 0.   0.   0.25]
  [0.25 0.   0.   0.25]]]
state : 15
eta : 5
pi2 : [[[0.25 0.   0.   0.25]
  [0.25 0.   0.   0.25]]

 [[0.25 0.   0.   0.25]
  [0.25 0.   0.   0.25]]]
